,Time,Driver,DriverNumber,LapTime,LapNumber,Stint,PitOutTime,PitInTime,Sector1Time,Sector2Time,Sector3Time,Sector1SessionTime,Sector2SessionTime,Sector3SessionTime,SpeedI1,SpeedI2,SpeedFL,SpeedST,IsPersonalBest,Compound,TyreLife,FreshTyre,Team,LapStartTime,LapStartDate,TrackStatus,Position,Deleted,DeletedReason,FastF1Generated,IsAccurate,LapTime_in_seconds,laptime_sum_sectortimes
0,0 days 00:18:31.746000,VAN,2,,1.0,,0 days 00:16:17.193000,0 days 00:18:24.166000,,48.515,50.997,,0 days 00:17:40.749000,0 days 00:18:31.931000,261.0,255.0,,,False,nan,,True,McLaren,0 days 00:16:17.193000,2018-09-14 08:31:17.308,1,,False,,False,False,,
1,0 days 00:34:04.286000,VAN,2,,2.0,1.0,0 days 00:31:49.047000,,,46.636,45.622,,0 days 00:33:18.664000,0 days 00:34:04.542000,278.0,241.0,244.0,,False,SOFT,2.0,False,McLaren,0 days 00:18:31.746000,2018-09-14 08:33:31.861,12,,False,,False,False,,
2,0 days 00:35:52.311000,VAN,2,0 days 00:01:48.025000,3.0,1.0,,,28.829,41.943,37.253,0 days 00:34:33.115000,0 days 00:35:15.058000,0 days 00:35:52.311000,302.0,269.0,245.0,295.0,True,SOFT,3.0,False,McLaren,0 days 00:34:04.286000,2018-09-14 08:49:04.401,12,,False,,False,True,108.025,108.02499999999999
3,0 days 00:38:09.929000,VAN,2,0 days 00:02:17.618000,4.0,1.0,,,35.699,52.607,49.312,0 days 00:36:28.010000,0 days 00:37:20.617000,0 days 00:38:09.929000,263.0,242.0,247.0,262.0,False,SOFT,4.0,False,McLaren,0 days 00:35:52.311000,2018-09-14 08:50:52.426,1,,False,,False,True,137.618,137.618
4,0 days 00:39:56.189000,VAN,2,0 days 00:01:46.260000,5.0,1.0,,,28.799,40.767,36.694,0 days 00:38:38.728000,0 days 00:39:19.495000,0 days 00:39:56.189000,298.0,268.0,250.0,298.0,True,SOFT,5.0,False,McLaren,0 days 00:38:09.929000,2018-09-14 08:53:10.044,1,,False,,False,True,106.26,106.26
5,0 days 00:42:13.449000,VAN,2,0 days 00:02:17.260000,6.0,1.0,,,35.316,53.541,48.403,0 days 00:40:31.505000,0 days 00:41:25.046000,0 days 00:42:13.449000,261.0,241.0,249.0,277.0,False,SOFT,6.0,False,McLaren,0 days 00:39:56.189000,2018-09-14 08:54:56.304,1,,False,,False,True,137.26,137.26
6,0 days 00:43:58.811000,VAN,2,0 days 00:01:45.362000,7.0,1.0,,,28.354,40.872,36.136,0 days 00:42:41.803000,0 days 00:43:22.675000,0 days 00:43:58.811000,304.0,268.0,249.0,297.0,True,SOFT,7.0,False,McLaren,0 days 00:42:13.449000,2018-09-14 08:57:13.564,1,,False,,False,True,105.362,105.362
7,0 days 00:46:19.794000,VAN,2,0 days 00:02:20.983000,8.0,1.0,,,35.212,56.036,49.735,0 days 00:44:34.023000,0 days 00:45:30.059000,0 days 00:46:19.794000,260.0,237.0,250.0,275.0,False,SOFT,8.0,False,McLaren,0 days 00:43:58.811000,2018-09-14 08:58:58.926,1,,False,,False,True,140.983,140.983
8,0 days 00:48:04.954000,VAN,2,0 days 00:01:45.160000,9.0,1.0,,,28.185,40.935,36.04,0 days 00:46:47.979000,0 days 00:47:28.914000,0 days 00:48:04.954000,305.0,268.0,251.0,297.0,True,SOFT,9.0,False,McLaren,0 days 00:46:19.794000,2018-09-14 09:01:19.909,1,,False,,False,True,105.16,105.16
9,0 days 00:50:15.708000,VAN,2,0 days 00:02:10.754000,10.0,1.0,,0 days 00:50:08.151000,33.939,47.307,49.508,0 days 00:48:38.893000,0 days 00:49:26.200000,0 days 00:50:15.708000,268.0,234.0,,278.0,False,SOFT,10.0,False,McLaren,0 days 00:48:04.954000,2018-09-14 09:03:05.069,1,,False,,False,False,130.754,130.75400000000002
10,0 days 01:40:07.426000,VAN,2,,11.0,2.0,0 days 01:37:50.302000,0 days 01:39:59.669000,,48.423,54.908,,0 days 01:39:12.518000,0 days 01:40:07.693000,275.0,222.0,,278.0,False,ULTRASOFT,1.0,True,McLaren,0 days 00:50:15.708000,2018-09-14 09:05:15.823,12,,False,,False,False,,
11,0 days 00:27:36.209000,RIC,3,,1.0,1.0,0 days 00:25:40.846000,,,43.308,38.442,,0 days 00:26:57.776000,0 days 00:27:36.277000,295.0,264.0,249.0,,False,SOFT,1.0,True,Red Bull Racing,0 days 00:25:40.846000,2018-09-14 08:40:40.961,1,,False,,False,False,,
12,0 days 00:29:22.423000,RIC,3,0 days 00:01:46.214000,2.0,1.0,,,28.342,41.14,36.732,0 days 00:28:04.551000,0 days 00:28:45.691000,0 days 00:29:22.423000,290.0,258.0,252.0,286.0,True,SOFT,2.0,True,Red Bull Racing,0 days 00:27:36.209000,2018-09-14 08:42:36.324,12,,False,,False,True,106.214,106.214
13,0 days 00:31:08.365000,RIC,3,0 days 00:01:45.942000,3.0,1.0,,,28.604,41.043,36.295,0 days 00:29:51.027000,0 days 00:30:32.070000,0 days 00:31:08.365000,289.0,257.0,252.0,286.0,True,SOFT,3.0,True,Red Bull Racing,0 days 00:29:22.423000,2018-09-14 08:44:22.538,21,,False,,False,True,105.942,105.942
14,0 days 00:32:53.151000,RIC,3,0 days 00:01:44.786000,4.0,1.0,,,28.375,40.52,35.891,0 days 00:31:36.740000,0 days 00:32:17.260000,0 days 00:32:53.151000,292.0,257.0,254.0,288.0,True,SOFT,4.0,True,Red Bull Racing,0 days 00:31:08.365000,2018-09-14 08:46:08.480,1,,False,,False,True,104.786,104.786
15,0 days 00:35:00.712000,RIC,3,0 days 00:02:07.561000,5.0,1.0,,,35.287,49.995,42.279,0 days 00:33:28.438000,0 days 00:34:18.433000,0 days 00:35:00.712000,196.0,227.0,253.0,287.0,False,SOFT,5.0,True,Red Bull Racing,0 days 00:32:53.151000,2018-09-14 08:47:53.266,1,,False,,False,True,127.561,127.561
16,0 days 00:36:44.992000,RIC,3,0 days 00:01:44.280000,6.0,1.0,,,27.876,40.676,35.728,0 days 00:35:28.588000,0 days 00:36:09.264000,0 days 00:36:44.992000,304.0,270.0,255.0,299.0,True,SOFT,6.0,True,Red Bull Racing,0 days 00:35:00.712000,2018-09-14 08:50:00.827,12,,False,,False,True,104.28,104.28
17,0 days 00:38:46.702000,RIC,3,0 days 00:02:01.710000,7.0,1.0,,0 days 00:38:39.015000,34.34,42.397,44.973,0 days 00:37:19.332000,0 days 00:38:01.729000,0 days 00:38:46.702000,285.0,252.0,,253.0,False,SOFT,7.0,True,Red Bull Racing,0 days 00:36:44.992000,2018-09-14 08:51:45.107,1,,False,,False,False,121.71,121.71
18,0 days 00:41:31.514000,RIC,3,,8.0,2.0,0 days 00:39:32.817000,,77.518,45.892,41.409,0 days 00:40:04.427000,0 days 00:40:50.178000,0 days 00:41:31.607000,289.0,249.0,252.0,253.0,False,SOFT,8.0,False,Red Bull Racing,0 days 00:38:46.702000,2018-09-14 08:53:46.817,1,,False,,False,False,,164.819
19,0 days 00:43:13.945000,RIC,3,0 days 00:01:42.431000,9.0,2.0,,,27.827,39.73,34.874,0 days 00:41:59.341000,0 days 00:42:39.071000,0 days 00:43:13.945000,305.0,270.0,256.0,299.0,True,SOFT,9.0,False,Red Bull Racing,0 days 00:41:31.514000,2018-09-14 08:56:31.629,1,,False,,False,True,102.431,102.43100000000001
20,0 days 00:45:32.745000,RIC,3,0 days 00:02:18.800000,10.0,2.0,,,35.931,57.113,45.756,0 days 00:43:49.876000,0 days 00:44:46.989000,0 days 00:45:32.745000,261.0,101.0,253.0,249.0,False,SOFT,10.0,False,Red Bull Racing,0 days 00:43:13.945000,2018-09-14 08:58:14.060,1,,False,,False,True,138.8,138.8
21,0 days 00:47:15.152000,RIC,3,0 days 00:01:42.407000,11.0,2.0,,,27.755,39.632,35.02,0 days 00:46:00.500000,0 days 00:46:40.132000,0 days 00:47:15.152000,304.0,270.0,251.0,299.0,True,SOFT,11.0,False,Red Bull Racing,0 days 00:45:32.745000,2018-09-14 09:00:32.860,1,,False,,False,True,102.407,102.40700000000001
22,0 days 00:49:20.108000,RIC,3,0 days 00:02:04.956000,12.0,2.0,,,36.248,49.227,39.481,0 days 00:47:51.400000,0 days 00:48:40.627000,0 days 00:49:20.108000,209.0,246.0,254.0,280.0,False,SOFT,12.0,False,Red Bull Racing,0 days 00:47:15.152000,2018-09-14 09:02:15.267,1,,False,,False,True,124.956,124.95599999999999
23,0 days 00:51:01.922000,RIC,3,0 days 00:01:41.814000,13.0,2.0,,,27.669,39.35,34.795,0 days 00:49:47.777000,0 days 00:50:27.127000,0 days 00:51:01.922000,302.0,268.0,256.0,297.0,True,SOFT,13.0,False,Red Bull Racing,0 days 00:49:20.108000,2018-09-14 09:04:20.223,1,,False,,False,True,101.814,101.81400000000001
24,0 days 00:53:02.228000,RIC,3,0 days 00:02:00.306000,14.0,2.0,,0 days 00:52:54.576000,31.946,43.118,45.242,0 days 00:51:33.868000,0 days 00:52:16.986000,0 days 00:53:02.228000,283.0,250.0,,270.0,False,SOFT,14.0,False,Red Bull Racing,0 days 00:51:01.922000,2018-09-14 09:06:02.037,12,,False,,False,False,120.306,120.30600000000001
25,0 days 01:15:58.994000,RIC,3,,15.0,2.0,0 days 01:13:48.310000,,,47.804,47.018,,0 days 01:15:11.988000,0 days 01:15:59.069000,277.0,243.0,255.0,270.0,False,SOFT,15.0,False,Red Bull Racing,0 days 00:53:02.228000,2018-09-14 09:08:02.343,21,,False,,False,False,,
26,0 days 01:17:38.705000,RIC,3,0 days 00:01:39.711000,16.0,2.0,,,27.224,38.262,34.225,0 days 01:16:26.218000,0 days 01:17:04.480000,0 days 01:17:38.705000,303.0,271.0,259.0,300.0,True,SOFT,16.0,False,Red Bull Racing,0 days 01:15:58.994000,2018-09-14 09:30:59.109,1,,False,,False,True,99.711,99.71100000000001
27,0 days 01:20:07.764000,RIC,3,0 days 00:02:29.059000,17.0,3.0,,,46.467,56.196,46.396,0 days 01:18:25.172000,0 days 01:19:21.368000,0 days 01:20:07.764000,169.0,246.0,256.0,204.0,False,HYPERSOFT,1.0,True,Red Bull Racing,0 days 01:17:38.705000,2018-09-14 09:32:38.820,12,,False,,False,True,149.059,149.059
28,0 days 01:22:29.044000,RIC,3,0 days 00:02:21.280000,18.0,3.0,,,27.486,54.482,59.312,0 days 01:20:35.250000,0 days 01:21:29.732000,0 days 01:22:29.044000,307.0,99.0,253.0,300.0,False,HYPERSOFT,2.0,True,Red Bull Racing,0 days 01:20:07.764000,2018-09-14 09:35:07.879,12,,False,,False,True,141.28,141.28
29,0 days 01:24:26.486000,RIC,3,0 days 00:01:57.442000,19.0,3.0,,0 days 01:24:18.782000,27.422,42.683,47.337,0 days 01:22:56.466000,0 days 01:23:39.149000,0 days 01:24:26.486000,306.0,248.0,,300.0,False,HYPERSOFT,3.0,True,Red Bull Racing,0 days 01:22:29.044000,2018-09-14 09:37:29.159,1,,False,,False,False,117.442,117.44200000000001
30,0 days 01:35:57.815000,RIC,3,,20.0,4.0,0 days 01:33:23.948000,,,54.085,51.229,,0 days 01:35:06.747000,0 days 01:35:57.932000,280.0,258.0,236.0,300.0,False,HYPERSOFT,6.0,False,Red Bull Racing,0 days 01:24:26.486000,2018-09-14 09:39:26.601,1,,False,,False,False,,
31,0 days 01:37:44.226000,RIC,3,0 days 00:01:46.411000,21.0,4.0,,,28.965,41.106,36.34,0 days 01:36:26.780000,0 days 01:37:07.886000,0 days 01:37:44.226000,283.0,258.0,244.0,275.0,False,HYPERSOFT,7.0,False,Red Bull Racing,0 days 01:35:57.815000,2018-09-14 09:50:57.930,1,,False,,False,True,106.411,106.411
32,0 days 01:39:30.089000,RIC,3,0 days 00:01:45.863000,22.0,4.0,,,28.981,40.847,36.035,0 days 01:38:13.207000,0 days 01:38:54.054000,0 days 01:39:30.089000,277.0,256.0,245.0,273.0,False,HYPERSOFT,8.0,False,Red Bull Racing,0 days 01:37:44.226000,2018-09-14 09:52:44.341,1,,False,,False,True,105.863,105.863
33,0 days 01:41:15.690000,RIC,3,0 days 00:01:45.601000,23.0,4.0,,,28.662,40.837,36.102,0 days 01:39:58.751000,0 days 01:40:39.588000,0 days 01:41:15.690000,282.0,259.0,246.0,277.0,False,HYPERSOFT,9.0,False,Red Bull Racing,0 days 01:39:30.089000,2018-09-14 09:54:30.204,1,,False,,False,True,105.601,105.601
34,0 days 01:43:01.701000,RIC,3,0 days 00:01:46.011000,24.0,4.0,,,28.647,41.201,36.163,0 days 01:41:44.337000,0 days 01:42:25.538000,0 days 01:43:01.701000,286.0,261.0,247.0,281.0,False,HYPERSOFT,10.0,False,Red Bull Racing,0 days 01:41:15.690000,2018-09-14 09:56:15.805,12,,False,,False,True,106.011,106.011
35,0 days 01:44:47.195000,RIC,3,0 days 00:01:45.494000,25.0,4.0,,,28.707,40.612,36.175,0 days 01:43:30.408000,0 days 01:44:11.020000,0 days 01:44:47.195000,285.0,261.0,248.0,281.0,False,HYPERSOFT,11.0,False,Red Bull Racing,0 days 01:43:01.701000,2018-09-14 09:58:01.816,1,,False,,False,True,105.494,105.494
36,0 days 01:46:32.078000,RIC,3,0 days 00:01:44.883000,26.0,4.0,,,28.732,40.545,35.606,0 days 01:45:15.927000,0 days 01:45:56.472000,0 days 01:46:32.078000,285.0,260.0,250.0,281.0,False,HYPERSOFT,12.0,False,Red Bull Racing,0 days 01:44:47.195000,2018-09-14 09:59:47.310,1,,False,,False,True,104.883,104.88300000000001
37,0 days 01:48:30.225000,RIC,3,0 days 00:01:58.147000,27.0,4.0,,0 days 01:48:22.583000,28.695,41.086,48.366,0 days 01:47:00.773000,0 days 01:47:41.859000,0 days 01:48:30.225000,287.0,248.0,,283.0,False,HYPERSOFT,13.0,False,Red Bull Racing,0 days 01:46:32.078000,2018-09-14 10:01:32.193,1,,False,,False,False,118.147,118.147
38,0 days 00:21:45.016000,VET,5,,1.0,1.0,0 days 00:19:44.739000,,,47.814,40.521,,0 days 00:21:04.730000,0 days 00:21:45.193000,273.0,263.0,248.0,,False,HYPERSOFT,1.0,True,Ferrari,0 days 00:19:44.739000,2018-09-14 08:34:44.854,12,,False,,False,False,,
39,0 days 00:23:32.847000,VET,5,0 days 00:01:47.831000,2.0,1.0,,,28.505,42.357,36.969,0 days 00:22:13.521000,0 days 00:22:55.878000,0 days 00:23:32.847000,291.0,267.0,255.0,286.0,True,HYPERSOFT,2.0,True,Ferrari,0 days 00:21:45.016000,2018-09-14 08:36:45.131,21,,False,,False,True,107.831,107.83099999999999
40,0 days 00:25:43.284000,VET,5,0 days 00:02:10.437000,3.0,1.0,,,30.93,52.689,46.818,0 days 00:24:03.777000,0 days 00:24:56.466000,0 days 00:25:43.284000,293.0,184.0,252.0,299.0,False,HYPERSOFT,3.0,True,Ferrari,0 days 00:23:32.847000,2018-09-14 08:38:32.962,1,,False,,False,True,130.437,130.437
41,0 days 00:27:28.943000,VET,5,0 days 00:01:45.659000,4.0,1.0,,,28.06,41.269,36.33,0 days 00:26:11.344000,0 days 00:26:52.613000,0 days 00:27:28.943000,304.0,270.0,259.0,298.0,True,HYPERSOFT,4.0,True,Ferrari,0 days 00:25:43.284000,2018-09-14 08:40:43.399,1,,False,,False,True,105.659,105.65899999999999
42,0 days 00:29:44.505000,VET,5,0 days 00:02:15.562000,5.0,1.0,,,36.584,50.1,48.878,0 days 00:28:05.527000,0 days 00:28:55.627000,0 days 00:29:44.505000,229.0,199.0,255.0,258.0,False,HYPERSOFT,5.0,True,Ferrari,0 days 00:27:28.943000,2018-09-14 08:42:29.058,12,,False,,False,True,135.562,135.562
43,0 days 00:31:28.264000,VET,5,0 days 00:01:43.759000,6.0,1.0,,,27.605,40.38,35.774,0 days 00:30:12.110000,0 days 00:30:52.490000,0 days 00:31:28.264000,306.0,270.0,258.0,300.0,True,HYPERSOFT,6.0,True,Ferrari,0 days 00:29:44.505000,2018-09-14 08:44:44.620,1,,False,,False,True,103.759,103.759
44,0 days 00:33:48.758000,VET,5,0 days 00:02:20.494000,7.0,1.0,,,39.81,56.695,43.989,0 days 00:32:08.074000,0 days 00:33:04.769000,0 days 00:33:48.758000,201.0,207.0,255.0,267.0,False,HYPERSOFT,7.0,True,Ferrari,0 days 00:31:28.264000,2018-09-14 08:46:28.379,1,,False,,False,True,140.494,140.494
45,0 days 00:35:31.887000,VET,5,0 days 00:01:43.129000,8.0,1.0,,,27.603,40.088,35.438,0 days 00:34:16.361000,0 days 00:34:56.449000,0 days 00:35:31.887000,308.0,272.0,261.0,301.0,True,HYPERSOFT,8.0,True,Ferrari,0 days 00:33:48.758000,2018-09-14 08:48:48.873,12,,False,,False,True,103.129,103.129
46,0 days 00:37:55.674000,VET,5,0 days 00:02:23.787000,9.0,1.0,,0 days 00:37:47.979000,36.404,54.82,52.563,0 days 00:36:08.291000,0 days 00:37:03.111000,0 days 00:37:55.674000,198.0,158.0,,245.0,False,HYPERSOFT,9.0,True,Ferrari,0 days 00:35:31.887000,2018-09-14 08:50:32.002,21,,False,,False,False,143.787,143.787
47,0 days 00:40:41.591000,VET,5,,10.0,2.0,0 days 00:38:13.717000,0 days 00:40:33.867000,71.987,45.171,48.709,0 days 00:39:07.721000,0 days 00:39:52.882000,0 days 00:40:41.697000,263.0,247.0,,245.0,False,HYPERSOFT,10.0,False,Ferrari,0 days 00:37:55.674000,2018-09-14 08:52:55.789,1,,False,,False,False,,165.867
48,0 days 01:10:08.547000,VET,5,,11.0,3.0,0 days 01:08:11.955000,,,45.325,39.438,,0 days 01:09:29.132000,0 days 01:10:08.651000,276.0,265.0,257.0,245.0,False,HYPERSOFT,1.0,True,Ferrari,0 days 00:40:41.591000,2018-09-14 08:55:41.706,12,,False,,False,False,,
49,0 days 01:11:48.544000,VET,5,0 days 00:01:39.997000,12.0,3.0,,,27.167,38.697,34.133,0 days 01:10:35.714000,0 days 01:11:14.411000,0 days 01:11:48.544000,308.0,270.0,262.0,299.0,True,HYPERSOFT,2.0,True,Ferrari,0 days 01:10:08.547000,2018-09-14 09:25:08.662,1,,False,,False,True,99.997,99.99700000000001
50,0 days 01:14:10.980000,VET,5,0 days 00:02:22.436000,13.0,3.0,,,35.308,59.053,48.075,0 days 01:12:23.852000,0 days 01:13:22.905000,0 days 01:14:10.980000,203.0,174.0,258.0,240.0,False,HYPERSOFT,3.0,True,Ferrari,0 days 01:11:48.544000,2018-09-14 09:26:48.659,1,,False,,False,True,142.436,142.43599999999998
51,0 days 01:15:55.484000,VET,5,0 days 00:01:44.504000,14.0,3.0,,,27.211,38.485,38.808,0 days 01:14:38.191000,0 days 01:15:16.676000,0 days 01:15:55.484000,305.0,271.0,171.0,300.0,False,HYPERSOFT,4.0,True,Ferrari,0 days 01:14:10.980000,2018-09-14 09:29:11.095,1,,False,,False,True,104.504,104.50399999999999
52,0 days 01:18:06.146000,VET,5,0 days 00:02:10.662000,15.0,3.0,,,36.911,49.088,44.663,0 days 01:16:32.395000,0 days 01:17:21.483000,0 days 01:18:06.146000,266.0,182.0,252.0,133.0,False,HYPERSOFT,5.0,True,Ferrari,0 days 01:15:55.484000,2018-09-14 09:30:55.599,1,,False,,False,True,130.662,130.66199999999998
53,0 days 01:20:00.915000,VET,5,0 days 00:01:54.769000,16.0,3.0,,0 days 01:19:53.220000,27.313,39.097,48.359,0 days 01:18:33.459000,0 days 01:19:12.556000,0 days 01:20:00.915000,310.0,274.0,,295.0,False,HYPERSOFT,6.0,True,Ferrari,0 days 01:18:06.146000,2018-09-14 09:33:06.261,12,,False,,False,False,114.769,114.769
54,0 days 01:36:26.949000,VET,5,,17.0,4.0,0 days 01:34:17.626000,0 days 01:36:20.963000,,44.387,49.379,,0 days 01:35:37.585000,0 days 01:36:27.185000,280.0,256.0,,295.0,False,HYPERSOFT,7.0,False,Ferrari,0 days 01:20:00.915000,2018-09-14 09:35:01.030,12,,False,,False,False,,
55,0 days 01:38:47.586000,VET,5,0 days 00:02:20.637000,18.0,5.0,0 days 01:36:44.919000,,59.206,43.754,37.677,0 days 01:37:26.155000,0 days 01:38:09.909000,0 days 01:38:47.586000,291.0,266.0,249.0,295.0,False,HYPERSOFT,8.0,False,Ferrari,0 days 01:36:26.949000,2018-09-14 09:51:27.064,1,,False,,False,False,140.637,140.637
56,0 days 01:40:32.274000,VET,5,0 days 00:01:44.688000,19.0,5.0,,,28.299,40.408,35.981,0 days 01:39:15.885000,0 days 01:39:56.293000,0 days 01:40:32.274000,290.0,267.0,251.0,287.0,False,HYPERSOFT,9.0,False,Ferrari,0 days 01:38:47.586000,2018-09-14 09:53:47.701,1,,False,,False,True,104.688,104.68799999999999
57,0 days 01:42:18.279000,VET,5,0 days 00:01:46.005000,20.0,5.0,,,28.661,41.036,36.308,0 days 01:41:00.935000,0 days 01:41:41.971000,0 days 01:42:18.279000,292.0,266.0,250.0,287.0,False,HYPERSOFT,10.0,False,Ferrari,0 days 01:40:32.274000,2018-09-14 09:55:32.389,12,,False,,False,True,106.005,106.005
58,0 days 01:44:04.009000,VET,5,0 days 00:01:45.730000,21.0,5.0,,,28.652,40.712,36.366,0 days 01:42:46.931000,0 days 01:43:27.643000,0 days 01:44:04.009000,290.0,265.0,253.0,286.0,False,HYPERSOFT,11.0,False,Ferrari,0 days 01:42:18.279000,2018-09-14 09:57:18.394,1,,False,,False,True,105.73,105.73
59,0 days 01:45:50.177000,VET,5,0 days 00:01:46.168000,22.0,5.0,,,28.745,41.091,36.332,0 days 01:44:32.754000,0 days 01:45:13.845000,0 days 01:45:50.177000,295.0,267.0,251.0,292.0,False,HYPERSOFT,12.0,False,Ferrari,0 days 01:44:04.009000,2018-09-14 09:59:04.124,1,,False,,False,True,106.168,106.168
60,0 days 01:47:49.851000,VET,5,0 days 00:01:59.674000,23.0,5.0,,0 days 01:47:42.204000,28.717,44.133,46.824,0 days 01:46:18.894000,0 days 01:47:03.027000,0 days 01:47:49.851000,293.0,238.0,,287.0,False,HYPERSOFT,13.0,False,Ferrari,0 days 01:45:50.177000,2018-09-14 10:00:50.292,1,,False,,False,False,119.674,119.67399999999999
61,0 days 00:22:29.949000,RAI,7,,1.0,1.0,0 days 00:20:34.290000,,,45.917,39.622,,0 days 00:21:50.327000,0 days 00:22:30.177000,294.0,256.0,245.0,,False,HYPERSOFT,1.0,True,Ferrari,0 days 00:20:34.290000,2018-09-14 08:35:34.405,12,,False,,False,False,,
62,0 days 00:24:14.571000,RAI,7,0 days 00:01:44.622000,2.0,1.0,,,28.181,40.388,36.053,0 days 00:22:58.130000,0 days 00:23:38.518000,0 days 00:24:14.571000,305.0,272.0,255.0,299.0,True,HYPERSOFT,2.0,True,Ferrari,0 days 00:22:29.949000,2018-09-14 08:37:30.064,1,,False,,False,True,104.622,104.622
63,0 days 00:26:14.511000,RAI,7,0 days 00:01:59.940000,3.0,1.0,,,30.671,48.191,41.078,0 days 00:24:45.242000,0 days 00:25:33.433000,0 days 00:26:14.511000,303.0,249.0,251.0,299.0,False,HYPERSOFT,3.0,True,Ferrari,0 days 00:24:14.571000,2018-09-14 08:39:14.686,1,,False,,False,True,119.94,119.94
64,0 days 00:27:59.283000,RAI,7,0 days 00:01:44.772000,4.0,1.0,,,28.099,40.65,36.023,0 days 00:26:42.610000,0 days 00:27:23.260000,0 days 00:27:59.283000,307.0,273.0,256.0,300.0,False,HYPERSOFT,4.0,True,Ferrari,0 days 00:26:14.511000,2018-09-14 08:41:14.626,1,,False,,False,True,104.772,104.77199999999999
65,0 days 00:30:02.902000,RAI,7,0 days 00:02:03.619000,5.0,1.0,,,28.25,51.752,43.617,0 days 00:28:27.533000,0 days 00:29:19.285000,0 days 00:30:02.902000,307.0,231.0,257.0,302.0,False,HYPERSOFT,5.0,True,Ferrari,0 days 00:27:59.283000,2018-09-14 08:42:59.398,12,,False,,False,True,123.619,123.619
66,0 days 00:31:46.969000,RAI,7,0 days 00:01:44.067000,6.0,1.0,,,27.792,40.555,35.72,0 days 00:30:30.694000,0 days 00:31:11.249000,0 days 00:31:46.969000,308.0,273.0,259.0,302.0,True,HYPERSOFT,6.0,True,Ferrari,0 days 00:30:02.902000,2018-09-14 08:45:03.017,1,,False,,False,True,104.067,104.06700000000001
67,0 days 00:33:51.866000,RAI,7,0 days 00:02:04.897000,7.0,1.0,,0 days 00:33:44.117000,28.838,46.85,49.209,0 days 00:32:15.807000,0 days 00:33:02.657000,0 days 00:33:51.866000,238.0,244.0,,307.0,False,HYPERSOFT,7.0,True,Ferrari,0 days 00:31:46.969000,2018-09-14 08:46:47.084,1,,False,,False,False,124.897,124.897
68,0 days 00:36:37.753000,RAI,7,,8.0,2.0,0 days 00:34:16.597000,0 days 00:36:30.657000,76.382,44.463,45.047,0 days 00:35:08.265000,0 days 00:35:52.706000,0 days 00:36:37.937000,197.0,269.0,,307.0,False,HYPERSOFT,8.0,False,Ferrari,0 days 00:33:51.866000,2018-09-14 08:48:51.981,12,,False,,False,False,,165.892
69,0 days 01:09:28.874000,RAI,7,,9.0,3.0,0 days 01:07:29.045000,,,47.146,43.195,,0 days 01:08:45.739000,0 days 01:09:28.993000,299.0,261.0,259.0,307.0,False,HYPERSOFT,1.0,True,Ferrari,0 days 00:36:37.753000,2018-09-14 08:51:37.868,12,,False,,False,False,,
70,0 days 01:11:09.360000,RAI,7,0 days 00:01:40.486000,10.0,3.0,,,27.173,38.761,34.552,0 days 01:09:56.047000,0 days 01:10:34.808000,0 days 01:11:09.360000,308.0,274.0,260.0,304.0,True,HYPERSOFT,2.0,True,Ferrari,0 days 01:09:28.874000,2018-09-14 09:24:28.989,1,,False,,False,True,100.486,100.48599999999999
71,0 days 01:13:22.983000,RAI,7,0 days 00:02:13.623000,11.0,3.0,,,35.357,52.676,45.59,0 days 01:11:44.717000,0 days 01:12:37.393000,0 days 01:13:22.983000,196.0,233.0,258.0,244.0,False,HYPERSOFT,3.0,True,Ferrari,0 days 01:11:09.360000,2018-09-14 09:26:09.475,1,,False,,False,True,133.623,133.623
72,0 days 01:15:03.519000,RAI,7,0 days 00:01:40.536000,12.0,3.0,,,27.281,38.683,34.572,0 days 01:13:50.264000,0 days 01:14:28.947000,0 days 01:15:03.519000,305.0,272.0,260.0,300.0,False,HYPERSOFT,4.0,True,Ferrari,0 days 01:13:22.983000,2018-09-14 09:28:23.098,1,,False,,False,True,100.536,100.536
73,0 days 01:17:14.125000,RAI,7,0 days 00:02:10.606000,13.0,3.0,,,32.901,54.778,42.927,0 days 01:15:36.420000,0 days 01:16:31.198000,0 days 01:17:14.125000,227.0,165.0,257.0,256.0,False,HYPERSOFT,5.0,True,Ferrari,0 days 01:15:03.519000,2018-09-14 09:30:03.634,1,,False,,False,True,130.606,130.606
74,0 days 01:19:40.157000,RAI,7,0 days 00:02:26.032000,14.0,3.0,,0 days 01:19:32.384000,27.277,39.108,79.647,0 days 01:17:41.402000,0 days 01:18:20.510000,0 days 01:19:40.157000,307.0,274.0,,301.0,False,HYPERSOFT,6.0,True,Ferrari,0 days 01:17:14.125000,2018-09-14 09:32:14.240,12,,False,,False,False,146.032,146.03199999999998
75,0 days 01:22:05.739000,RAI,7,0 days 00:02:25.582000,15.0,4.0,0 days 01:19:59.326000,,64.671,43.787,37.124,0 days 01:20:44.828000,0 days 01:21:28.615000,0 days 01:22:05.739000,290.0,272.0,258.0,301.0,False,HYPERSOFT,7.0,False,Ferrari,0 days 01:19:40.157000,2018-09-14 09:34:40.272,12,,False,,False,False,145.582,145.582
76,0 days 01:24:00.892000,RAI,7,0 days 00:01:55.153000,16.0,4.0,,0 days 01:23:53.314000,27.545,42.403,45.205,0 days 01:22:33.284000,0 days 01:23:15.687000,0 days 01:24:00.892000,306.0,271.0,,302.0,False,HYPERSOFT,8.0,False,Ferrari,0 days 01:22:05.739000,2018-09-14 09:37:05.854,1,,False,,False,False,115.153,115.153
77,0 days 01:36:52.168000,RAI,7,,17.0,5.0,0 days 01:34:40.316000,0 days 01:36:44.402000,,44.559,45.565,,0 days 01:36:06.942000,0 days 01:36:52.310000,300.0,268.0,,302.0,False,HYPERSOFT,9.0,False,Ferrari,0 days 01:24:00.892000,2018-09-14 09:39:01.007,1,,False,,False,False,,
78,0 days 01:39:11.292000,RAI,7,0 days 00:02:19.124000,18.0,6.0,0 days 01:37:11.623000,,59.075,42.942,37.107,0 days 01:37:51.243000,0 days 01:38:34.185000,0 days 01:39:11.292000,291.0,269.0,250.0,302.0,False,HYPERSOFT,10.0,False,Ferrari,0 days 01:36:52.168000,2018-09-14 09:51:52.283,1,,False,,False,False,139.124,139.124
79,0 days 01:40:57.679000,RAI,7,0 days 00:01:46.387000,19.0,6.0,,,28.656,41.112,36.619,0 days 01:39:39.948000,0 days 01:40:21.060000,0 days 01:40:57.679000,296.0,270.0,250.0,289.0,False,HYPERSOFT,11.0,False,Ferrari,0 days 01:39:11.292000,2018-09-14 09:54:11.407,1,,False,,False,True,106.387,106.387
80,0 days 01:42:44.193000,RAI,7,0 days 00:01:46.514000,20.0,6.0,,,29.007,41.28,36.227,0 days 01:41:26.686000,0 days 01:42:07.966000,0 days 01:42:44.193000,294.0,270.0,249.0,292.0,False,HYPERSOFT,12.0,False,Ferrari,0 days 01:40:57.679000,2018-09-14 09:55:57.794,12,,False,,False,True,106.514,106.51400000000001
81,0 days 01:44:56.535000,RAI,7,0 days 00:02:12.342000,21.0,6.0,,0 days 01:44:48.785000,32.474,49.044,50.824,0 days 01:43:16.667000,0 days 01:44:05.711000,0 days 01:44:56.535000,250.0,197.0,,281.0,False,HYPERSOFT,13.0,False,Ferrari,0 days 01:42:44.193000,2018-09-14 09:57:44.308,1,,False,,False,False,132.342,132.34199999999998
82,0 days 00:17:48.383000,GRO,8,,1.0,,0 days 00:15:30.566000,0 days 00:17:40.488000,,50.05,50.499,,0 days 00:16:57.884000,0 days 00:17:48.465000,197.0,251.0,,,False,nan,,True,Haas F1 Team,0 days 00:15:30.566000,2018-09-14 08:30:30.681,1,,False,,False,False,,
83,0 days 00:36:25.183000,GRO,8,,2.0,1.0,0 days 00:34:05.638000,,,44.286,55.714,,0 days 00:35:29.891000,0 days 00:36:25.597000,280.0,256.0,242.0,,False,ULTRASOFT,2.0,False,Haas F1 Team,0 days 00:17:48.383000,2018-09-14 08:32:48.498,12,,False,,False,False,,
84,0 days 00:38:12.986000,GRO,8,0 days 00:01:47.803000,3.0,1.0,,,28.787,41.819,37.197,0 days 00:36:53.970000,0 days 00:37:35.789000,0 days 00:38:12.986000,303.0,265.0,250.0,292.0,True,ULTRASOFT,3.0,False,Haas F1 Team,0 days 00:36:25.183000,2018-09-14 08:51:25.298,1,,False,,False,True,107.803,107.803
85,0 days 00:40:20.188000,GRO,8,0 days 00:02:07.202000,4.0,1.0,,,32.842,52.895,41.465,0 days 00:38:45.828000,0 days 00:39:38.723000,0 days 00:40:20.188000,250.0,212.0,248.0,298.0,False,ULTRASOFT,4.0,False,Haas F1 Team,0 days 00:38:12.986000,2018-09-14 08:53:13.101,1,,False,,False,True,127.202,127.202
86,0 days 00:42:05.774000,GRO,8,0 days 00:01:45.586000,5.0,1.0,,,28.533,40.745,36.308,0 days 00:40:48.721000,0 days 00:41:29.466000,0 days 00:42:05.774000,301.0,268.0,251.0,294.0,True,ULTRASOFT,5.0,False,Haas F1 Team,0 days 00:40:20.188000,2018-09-14 08:55:20.303,1,,False,,False,True,105.586,105.58599999999998
87,0 days 00:44:18.821000,GRO,8,0 days 00:02:13.047000,6.0,1.0,,,34.152,53.67,45.225,0 days 00:42:39.926000,0 days 00:43:33.596000,0 days 00:44:18.821000,266.0,193.0,250.0,276.0,False,ULTRASOFT,6.0,False,Haas F1 Team,0 days 00:42:05.774000,2018-09-14 08:57:05.889,1,,False,,False,True,133.047,133.047
88,0 days 00:46:03.407000,GRO,8,0 days 00:01:44.586000,7.0,1.0,,,28.198,40.433,35.955,0 days 00:44:47.019000,0 days 00:45:27.452000,0 days 00:46:03.407000,303.0,266.0,253.0,293.0,True,ULTRASOFT,7.0,False,Haas F1 Team,0 days 00:44:18.821000,2018-09-14 08:59:18.936,1,,False,,False,True,104.586,104.586
89,0 days 00:48:14.807000,GRO,8,0 days 00:02:11.400000,8.0,1.0,,,33.676,54.257,43.467,0 days 00:46:37.083000,0 days 00:47:31.340000,0 days 00:48:14.807000,207.0,179.0,249.0,283.0,False,ULTRASOFT,8.0,False,Haas F1 Team,0 days 00:46:03.407000,2018-09-14 09:01:03.522,1,,False,,False,True,131.4,131.39999999999998
90,0 days 00:50:16.080000,GRO,8,0 days 00:02:01.273000,9.0,1.0,,,31.099,44.207,45.967,0 days 00:48:45.906000,0 days 00:49:30.113000,0 days 00:50:16.080000,293.0,257.0,249.0,293.0,False,ULTRASOFT,9.0,False,Haas F1 Team,0 days 00:48:14.807000,2018-09-14 09:03:14.922,1,,False,,False,True,121.273,121.273
91,0 days 00:52:00.255000,GRO,8,0 days 00:01:44.175000,10.0,1.0,,,28.166,40.4,35.609,0 days 00:50:44.246000,0 days 00:51:24.646000,0 days 00:52:00.255000,301.0,265.0,252.0,294.0,True,ULTRASOFT,10.0,False,Haas F1 Team,0 days 00:50:16.080000,2018-09-14 09:05:16.195,1,,False,,False,True,104.175,104.17500000000001
92,0 days 00:54:07.886000,GRO,8,0 days 00:02:07.631000,11.0,1.0,,0 days 00:53:58.198000,33.321,45.734,48.576,0 days 00:52:33.576000,0 days 00:53:19.310000,0 days 00:54:07.886000,198.0,246.0,,277.0,False,ULTRASOFT,11.0,False,Haas F1 Team,0 days 00:52:00.255000,2018-09-14 09:07:00.370,12,,False,,False,False,127.631,127.631
93,0 days 01:16:19.299000,GRO,8,,12.0,2.0,0 days 01:14:06.156000,,,48.305,46.748,,0 days 01:15:32.865000,0 days 01:16:19.369000,267.0,251.0,251.0,277.0,False,HYPERSOFT,1.0,True,Haas F1 Team,0 days 00:54:07.886000,2018-09-14 09:09:08.001,1,,False,,False,False,,
94,0 days 01:18:01.407000,GRO,8,0 days 00:01:42.108000,13.0,2.0,,,27.639,39.258,35.211,0 days 01:16:46.938000,0 days 01:17:26.196000,0 days 01:18:01.407000,303.0,268.0,255.0,295.0,True,HYPERSOFT,2.0,True,Haas F1 Team,0 days 01:16:19.299000,2018-09-14 09:31:19.414,1,,False,,False,True,102.108,102.108
95,0 days 01:20:23.938000,GRO,8,0 days 00:02:22.531000,14.0,2.0,,,39.54,57.464,45.527,0 days 01:18:40.947000,0 days 01:19:38.411000,0 days 01:20:23.938000,170.0,179.0,251.0,248.0,False,HYPERSOFT,3.0,True,Haas F1 Team,0 days 01:18:01.407000,2018-09-14 09:33:01.522,12,,False,,False,True,142.531,142.531
96,0 days 01:22:23.725000,GRO,8,0 days 00:01:59.787000,15.0,2.0,,,27.683,43.272,48.832,0 days 01:20:51.621000,0 days 01:21:34.893000,0 days 01:22:23.725000,304.0,226.0,251.0,295.0,False,HYPERSOFT,4.0,True,Haas F1 Team,0 days 01:20:23.938000,2018-09-14 09:35:24.053,1,,False,,False,True,119.787,119.787
97,0 days 01:24:27.456000,GRO,8,0 days 00:02:03.731000,16.0,2.0,,,27.784,49.286,46.661,0 days 01:22:51.509000,0 days 01:23:40.795000,0 days 01:24:27.456000,303.0,220.0,250.0,298.0,False,HYPERSOFT,5.0,True,Haas F1 Team,0 days 01:22:23.725000,2018-09-14 09:37:23.840,1,,False,,False,True,123.731,123.731
98,0 days 01:26:10.722000,GRO,8,0 days 00:01:43.266000,17.0,2.0,,,27.893,39.786,35.587,0 days 01:24:55.349000,0 days 01:25:35.135000,0 days 01:26:10.722000,301.0,266.0,254.0,294.0,False,HYPERSOFT,6.0,True,Haas F1 Team,0 days 01:24:27.456000,2018-09-14 09:39:27.571,1,,False,,False,True,103.266,103.266
99,0 days 01:28:20.548000,GRO,8,0 days 00:02:09.826000,18.0,2.0,,0 days 01:28:12.551000,33.453,47.992,48.381,0 days 01:26:44.175000,0 days 01:27:32.167000,0 days 01:28:20.548000,198.0,173.0,,265.0,False,HYPERSOFT,7.0,True,Haas F1 Team,0 days 01:26:10.722000,2018-09-14 09:41:10.837,1,,False,,False,False,129.826,129.826
100,0 days 01:43:41.367000,GRO,8,,19.0,3.0,0 days 01:41:44.833000,,,43.086,37.501,,0 days 01:43:03.886000,0 days 01:43:41.453000,300.0,264.0,248.0,265.0,False,HYPERSOFT,8.0,False,Haas F1 Team,0 days 01:28:20.548000,2018-09-14 09:43:20.663,12,,False,,False,False,,
101,0 days 01:45:28.945000,GRO,8,0 days 00:01:47.578000,20.0,3.0,,,28.799,41.921,36.858,0 days 01:44:10.166000,0 days 01:44:52.087000,0 days 01:45:28.945000,303.0,266.0,250.0,293.0,False,HYPERSOFT,9.0,False,Haas F1 Team,0 days 01:43:41.367000,2018-09-14 09:58:41.482,1,,False,,False,True,107.578,107.578
102,0 days 01:47:26.868000,GRO,8,0 days 00:01:57.923000,21.0,3.0,,0 days 01:47:19.071000,28.907,42.928,46.088,0 days 01:45:57.852000,0 days 01:46:40.780000,0 days 01:47:26.868000,302.0,265.0,,293.0,False,HYPERSOFT,10.0,False,Haas F1 Team,0 days 01:45:28.945000,2018-09-14 10:00:29.060,1,,False,,False,False,117.923,117.923
103,0 days 00:17:25.582000,ERI,9,,1.0,,0 days 00:15:03.299000,0 days 00:17:17.822000,,53.145,53.887,,0 days 00:16:31.695000,0 days 00:17:25.603000,283.0,198.0,,,False,nan,,True,Sauber,0 days 00:15:03.299000,2018-09-14 08:30:03.414,1,,False,,False,False,,
104,0 days 00:20:21.304000,ERI,9,,2.0,,0 days 00:17:47.911000,0 days 00:20:13.570000,69.876,53.935,51.94,0 days 00:18:35.443000,0 days 00:19:29.364000,0 days 00:20:21.387000,255.0,198.0,,,False,nan,,True,Sauber,0 days 00:17:25.582000,2018-09-14 08:32:25.697,1,,False,,False,False,,175.751
105,0 days 00:41:40.829000,ERI,9,,3.0,1.0,0 days 00:39:21.379000,,,46.033,42.824,,0 days 00:40:58.012000,0 days 00:41:40.905000,277.0,265.0,243.0,,False,SOFT,3.0,False,Sauber,0 days 00:20:21.304000,2018-09-14 08:35:21.419,12,,False,,False,False,,
106,0 days 00:43:29.209000,ERI,9,0 days 00:01:48.380000,4.0,1.0,,,29.474,42.018,36.888,0 days 00:42:10.303000,0 days 00:42:52.321000,0 days 00:43:29.209000,292.0,268.0,250.0,284.0,True,SOFT,4.0,False,Sauber,0 days 00:41:40.829000,2018-09-14 08:56:40.944,1,,False,,False,True,108.38,108.38
107,0 days 00:45:17.137000,ERI,9,0 days 00:01:47.928000,5.0,1.0,,,28.749,41.056,38.123,0 days 00:43:57.958000,0 days 00:44:39.014000,0 days 00:45:17.137000,303.0,266.0,248.0,287.0,True,SOFT,5.0,False,Sauber,0 days 00:43:29.209000,2018-09-14 08:58:29.324,1,,False,,False,True,107.928,107.928
108,0 days 00:47:39.765000,ERI,9,0 days 00:02:22.628000,6.0,1.0,,,33.797,58.338,50.493,0 days 00:45:50.934000,0 days 00:46:49.272000,0 days 00:47:39.765000,261.0,206.0,246.0,293.0,False,SOFT,6.0,False,Sauber,0 days 00:45:17.137000,2018-09-14 09:00:17.252,1,,False,,False,True,142.628,142.628
109,0 days 00:49:25.748000,ERI,9,0 days 00:01:45.983000,7.0,1.0,,,28.799,40.977,36.207,0 days 00:48:08.564000,0 days 00:48:49.541000,0 days 00:49:25.748000,305.0,271.0,251.0,294.0,True,SOFT,7.0,False,Sauber,0 days 00:47:39.765000,2018-09-14 09:02:39.880,1,,False,,False,True,105.983,105.983
110,0 days 00:51:29.009000,ERI,9,0 days 00:02:03.261000,8.0,1.0,,,31.757,47.574,43.93,0 days 00:49:57.505000,0 days 00:50:45.079000,0 days 00:51:29.009000,274.0,246.0,250.0,275.0,False,SOFT,8.0,False,Sauber,0 days 00:49:25.748000,2018-09-14 09:04:25.863,1,,False,,False,True,123.261,123.261
111,0 days 00:53:31.121000,ERI,9,0 days 00:02:02.112000,9.0,1.0,,0 days 00:53:23.780000,28.983,40.871,52.258,0 days 00:51:57.992000,0 days 00:52:38.863000,0 days 00:53:31.121000,303.0,268.0,,295.0,False,SOFT,9.0,False,Sauber,0 days 00:51:29.009000,2018-09-14 09:06:29.124,12,,False,,False,False,122.112,122.112
112,0 days 01:08:46.027000,ERI,9,,10.0,2.0,0 days 01:06:23.461000,,,49.728,46.214,,0 days 01:07:59.813000,0 days 01:08:46.098000,222.0,248.0,251.0,295.0,False,HYPERSOFT,1.0,True,Sauber,0 days 00:53:31.121000,2018-09-14 09:08:31.236,1,,False,,False,False,,
113,0 days 01:10:28.607000,ERI,9,0 days 00:01:42.580000,11.0,2.0,,,27.962,39.644,34.974,0 days 01:09:13.989000,0 days 01:09:53.633000,0 days 01:10:28.607000,305.0,270.0,254.0,296.0,True,HYPERSOFT,2.0,True,Sauber,0 days 01:08:46.027000,2018-09-14 09:23:46.142,1,,False,,False,True,102.58,102.57999999999998
114,0 days 01:13:02.910000,ERI,9,,12.0,2.0,,,41.885,64.031,48.39,0 days 01:11:11.620000,0 days 01:12:14.520000,0 days 01:13:03.104000,146.0,231.0,253.0,237.0,False,HYPERSOFT,3.0,True,Sauber,0 days 01:10:28.607000,2018-09-14 09:25:28.722,1,,False,,False,False,,154.30599999999998
115,0 days 01:14:45.318000,ERI,9,0 days 00:01:42.408000,13.0,2.0,,,27.866,39.607,34.935,0 days 01:13:30.776000,0 days 01:14:10.383000,0 days 01:14:45.318000,306.0,270.0,252.0,297.0,True,HYPERSOFT,4.0,True,Sauber,0 days 01:13:02.910000,2018-09-14 09:28:03.025,1,,False,,False,True,102.408,102.408
116,0 days 01:17:37.069000,ERI,9,,14.0,2.0,,,46.022,72.971,52.749,0 days 01:15:31.349000,0 days 01:16:44.324000,0 days 01:17:37.126000,197.0,221.0,253.0,236.0,False,HYPERSOFT,5.0,True,Sauber,0 days 01:14:45.318000,2018-09-14 09:29:45.433,1,,False,,False,False,,171.742
117,0 days 01:19:25.309000,ERI,9,0 days 00:01:48.240000,15.0,2.0,,,27.932,39.541,40.767,0 days 01:18:05.001000,0 days 01:18:44.542000,0 days 01:19:25.309000,307.0,272.0,248.0,299.0,False,HYPERSOFT,6.0,True,Sauber,0 days 01:17:37.069000,2018-09-14 09:32:37.184,12,,False,,False,True,108.24,108.24000000000001
118,0 days 01:21:45.009000,ERI,9,0 days 00:02:19.700000,16.0,2.0,,0 days 01:21:37.285000,36.46,51.409,51.831,0 days 01:20:01.769000,0 days 01:20:53.178000,0 days 01:21:45.009000,238.0,199.0,,250.0,False,HYPERSOFT,7.0,True,Sauber,0 days 01:19:25.309000,2018-09-14 09:34:25.424,12,,False,,False,False,139.7,139.7
119,0 days 01:34:43.942000,ERI,9,,17.0,3.0,0 days 01:32:29.540000,,,47.236,41.574,,0 days 01:34:02.390000,0 days 01:34:44.018000,273.0,258.0,252.0,250.0,False,HYPERSOFT,8.0,False,Sauber,0 days 01:21:45.009000,2018-09-14 09:36:45.124,1,,False,,False,False,,
120,0 days 01:36:26.501000,ERI,9,0 days 00:01:42.559000,18.0,3.0,,,27.887,39.463,35.209,0 days 01:35:11.829000,0 days 01:35:51.292000,0 days 01:36:26.501000,306.0,269.0,247.0,295.0,False,HYPERSOFT,9.0,False,Sauber,0 days 01:34:43.942000,2018-09-14 09:49:44.057,1,,False,,False,True,102.559,102.559
121,0 days 01:39:04.059000,ERI,9,,19.0,3.0,,,44.653,58.377,54.525,0 days 01:37:11.187000,0 days 01:38:09.534000,0 days 01:39:04.183000,152.0,186.0,249.0,193.0,False,HYPERSOFT,10.0,False,Sauber,0 days 01:36:26.501000,2018-09-14 09:51:26.616,1,,False,,False,False,,157.555
122,0 days 01:40:48.231000,ERI,9,0 days 00:01:44.172000,20.0,3.0,,,28.103,40.051,36.018,0 days 01:39:32.162000,0 days 01:40:12.213000,0 days 01:40:48.231000,307.0,273.0,250.0,296.0,False,HYPERSOFT,11.0,False,Sauber,0 days 01:39:04.059000,2018-09-14 09:54:04.174,1,,False,,False,True,104.172,104.172
123,0 days 01:43:35.334000,ERI,9,,21.0,3.0,,,49.024,68.21,49.873,0 days 01:41:37.284000,0 days 01:42:46.995000,0 days 01:43:35.421000,143.0,206.0,249.0,198.0,False,HYPERSOFT,12.0,False,Sauber,0 days 01:40:48.231000,2018-09-14 09:55:48.346,12,,False,,False,False,,167.107
124,0 days 01:45:18.661000,ERI,9,0 days 00:01:43.327000,22.0,3.0,,,28.155,39.908,35.264,0 days 01:44:03.489000,0 days 01:44:43.397000,0 days 01:45:18.661000,304.0,271.0,251.0,294.0,False,HYPERSOFT,13.0,False,Sauber,0 days 01:43:35.334000,2018-09-14 09:58:35.449,1,,False,,False,True,103.327,103.327
125,0 days 01:47:34.078000,ERI,9,0 days 00:02:15.417000,23.0,3.0,,0 days 01:47:26.360000,34.87,50.561,49.986,0 days 01:45:53.531000,0 days 01:46:44.092000,0 days 01:47:34.078000,238.0,198.0,,259.0,False,HYPERSOFT,14.0,False,Sauber,0 days 01:45:18.661000,2018-09-14 10:00:18.776,1,,False,,False,False,135.417,135.417
126,0 days 00:17:59.851000,GAS,10,,1.0,,0 days 00:15:41.988000,0 days 00:17:51.325000,,50.308,51.605,,0 days 00:17:08.246000,0 days 00:18:00.107000,194.0,241.0,,,False,nan,,True,Toro Rosso,0 days 00:15:41.988000,2018-09-14 08:30:42.103,1,,False,,False,False,,
127,0 days 00:32:11.109000,GAS,10,,2.0,1.0,0 days 00:30:06.477000,,,47.075,45.392,,0 days 00:31:25.718000,0 days 00:32:11.205000,274.0,250.0,241.0,,False,ULTRASOFT,2.0,False,Toro Rosso,0 days 00:17:59.851000,2018-09-14 08:32:59.966,12,,False,,False,False,,
128,0 days 00:33:58.205000,GAS,10,0 days 00:01:47.096000,3.0,1.0,,,28.901,41.358,36.837,0 days 00:32:40.010000,0 days 00:33:21.368000,0 days 00:33:58.205000,296.0,265.0,244.0,290.0,True,ULTRASOFT,3.0,False,Toro Rosso,0 days 00:32:11.109000,2018-09-14 08:47:11.224,1,,False,,False,True,107.096,107.096
129,0 days 00:36:19.533000,GAS,10,0 days 00:02:21.328000,4.0,1.0,,,36.138,54.075,51.115,0 days 00:34:34.343000,0 days 00:35:28.418000,0 days 00:36:19.533000,258.0,256.0,244.0,263.0,False,ULTRASOFT,4.0,False,Toro Rosso,0 days 00:33:58.205000,2018-09-14 08:48:58.320,12,,False,,False,True,141.328,141.328
130,0 days 00:38:05.470000,GAS,10,0 days 00:01:45.937000,5.0,1.0,,,28.567,40.59,36.78,0 days 00:36:48.100000,0 days 00:37:28.690000,0 days 00:38:05.470000,299.0,266.0,236.0,293.0,True,ULTRASOFT,5.0,False,Toro Rosso,0 days 00:36:19.533000,2018-09-14 08:51:19.648,1,,False,,False,True,105.937,105.93700000000001
131,0 days 00:40:29.753000,GAS,10,0 days 00:02:24.283000,6.0,1.0,,,37.722,57.709,48.852,0 days 00:38:43.192000,0 days 00:39:40.901000,0 days 00:40:29.753000,259.0,235.0,244.0,266.0,False,ULTRASOFT,6.0,False,Toro Rosso,0 days 00:38:05.470000,2018-09-14 08:53:05.585,1,,False,,False,True,144.283,144.28300000000002
132,0 days 00:42:37.249000,GAS,10,0 days 00:02:07.496000,7.0,1.0,,,33.568,51.28,42.648,0 days 00:41:03.321000,0 days 00:41:54.601000,0 days 00:42:37.249000,271.0,255.0,245.0,292.0,False,ULTRASOFT,7.0,False,Toro Rosso,0 days 00:40:29.753000,2018-09-14 08:55:29.868,1,,False,,False,True,127.496,127.49600000000001
133,0 days 00:44:21.900000,GAS,10,0 days 00:01:44.651000,8.0,1.0,,,28.319,40.408,35.924,0 days 00:43:05.568000,0 days 00:43:45.976000,0 days 00:44:21.900000,298.0,265.0,246.0,292.0,True,ULTRASOFT,8.0,False,Toro Rosso,0 days 00:42:37.249000,2018-09-14 08:57:37.364,1,,False,,False,True,104.651,104.65100000000001
134,0 days 00:46:37.405000,GAS,10,0 days 00:02:15.505000,9.0,1.0,,,36.158,54.631,44.716,0 days 00:44:58.058000,0 days 00:45:52.689000,0 days 00:46:37.405000,264.0,239.0,242.0,281.0,False,ULTRASOFT,9.0,False,Toro Rosso,0 days 00:44:21.900000,2018-09-14 08:59:22.015,1,,False,,False,True,135.505,135.505
135,0 days 00:48:21.894000,GAS,10,0 days 00:01:44.489000,10.0,1.0,,,28.226,39.964,36.299,0 days 00:47:05.631000,0 days 00:47:45.595000,0 days 00:48:21.894000,301.0,266.0,248.0,290.0,True,ULTRASOFT,10.0,False,Toro Rosso,0 days 00:46:37.405000,2018-09-14 09:01:37.520,1,,False,,False,True,104.489,104.489
136,0 days 00:50:39.879000,GAS,10,0 days 00:02:17.985000,11.0,1.0,,,35.588,56.188,46.209,0 days 00:48:57.482000,0 days 00:49:53.670000,0 days 00:50:39.879000,249.0,237.0,246.0,281.0,False,ULTRASOFT,11.0,False,Toro Rosso,0 days 00:48:21.894000,2018-09-14 09:03:22.009,1,,False,,False,True,137.985,137.985
137,0 days 00:52:23.552000,GAS,10,0 days 00:01:43.673000,12.0,1.0,,,28.202,39.834,35.637,0 days 00:51:08.081000,0 days 00:51:47.915000,0 days 00:52:23.552000,298.0,264.0,250.0,291.0,True,ULTRASOFT,12.0,False,Toro Rosso,0 days 00:50:39.879000,2018-09-14 09:05:39.994,1,,False,,False,True,103.673,103.673
138,0 days 00:54:37.931000,GAS,10,0 days 00:02:14.379000,13.0,1.0,,0 days 00:54:29.560000,34.188,49.71,50.481,0 days 00:52:57.740000,0 days 00:53:47.450000,0 days 00:54:37.931000,270.0,240.0,,282.0,False,ULTRASOFT,13.0,False,Toro Rosso,0 days 00:52:23.552000,2018-09-14 09:07:23.667,12,,False,,False,False,134.379,134.379
139,0 days 01:13:51.452000,GAS,10,,14.0,2.0,0 days 01:11:43.800000,,,50.528,43.241,,0 days 01:13:08.245000,0 days 01:13:51.545000,226.0,235.0,246.0,282.0,False,ULTRASOFT,1.0,True,Toro Rosso,0 days 00:54:37.931000,2018-09-14 09:09:38.046,1,,False,,False,False,,
140,0 days 01:15:34.692000,GAS,10,0 days 00:01:43.240000,15.0,2.0,,,28.248,39.55,35.442,0 days 01:14:19.700000,0 days 01:14:59.250000,0 days 01:15:34.692000,297.0,265.0,248.0,292.0,True,ULTRASOFT,2.0,True,Toro Rosso,0 days 01:13:51.452000,2018-09-14 09:28:51.567,1,,False,,False,True,103.24,103.24000000000001
141,0 days 01:17:55.321000,GAS,10,0 days 00:02:20.629000,16.0,2.0,,,38.375,59.43,42.824,0 days 01:16:13.067000,0 days 01:17:12.497000,0 days 01:17:55.321000,259.0,236.0,248.0,276.0,False,ULTRASOFT,3.0,True,Toro Rosso,0 days 01:15:34.692000,2018-09-14 09:30:34.807,1,,False,,False,True,140.629,140.62900000000002
142,0 days 01:19:55.280000,GAS,10,0 days 00:01:59.959000,17.0,2.0,,,28.071,40.031,51.857,0 days 01:18:23.392000,0 days 01:19:03.423000,0 days 01:19:55.280000,302.0,264.0,195.0,294.0,False,ULTRASOFT,4.0,True,Toro Rosso,0 days 01:17:55.321000,2018-09-14 09:32:55.436,12,,False,,False,True,119.959,119.959
143,0 days 01:22:17.804000,GAS,10,0 days 00:02:22.524000,18.0,2.0,,,38.145,57.906,46.473,0 days 01:20:33.425000,0 days 01:21:31.331000,0 days 01:22:17.804000,271.0,252.0,244.0,250.0,False,ULTRASOFT,5.0,True,Toro Rosso,0 days 01:19:55.280000,2018-09-14 09:34:55.395,12,,False,,False,True,142.524,142.524
144,0 days 01:24:01.065000,GAS,10,0 days 00:01:43.261000,19.0,2.0,,,28.039,39.917,35.305,0 days 01:22:45.843000,0 days 01:23:25.760000,0 days 01:24:01.065000,299.0,266.0,252.0,293.0,False,ULTRASOFT,6.0,True,Toro Rosso,0 days 01:22:17.804000,2018-09-14 09:37:17.919,1,,False,,False,True,103.261,103.261
145,0 days 01:26:15.364000,GAS,10,0 days 00:02:14.299000,20.0,2.0,,0 days 01:26:07.649000,34.476,51.985,47.838,0 days 01:24:35.541000,0 days 01:25:27.526000,0 days 01:26:15.364000,260.0,237.0,,276.0,False,ULTRASOFT,7.0,True,Toro Rosso,0 days 01:24:01.065000,2018-09-14 09:39:01.180,1,,False,,False,False,134.299,134.299
146,0 days 01:36:54.260000,GAS,10,,21.0,3.0,0 days 01:34:34.392000,,,55.395,46.331,,0 days 01:36:07.948000,0 days 01:36:54.356000,246.0,193.0,244.0,276.0,False,ULTRASOFT,8.0,False,Toro Rosso,0 days 01:26:15.364000,2018-09-14 09:41:15.479,1,,False,,False,False,,
147,0 days 01:38:57.118000,GAS,10,0 days 00:02:02.858000,22.0,3.0,,,28.456,51.856,42.546,0 days 01:37:22.716000,0 days 01:38:14.572000,0 days 01:38:57.118000,296.0,247.0,242.0,289.0,False,ULTRASOFT,9.0,False,Toro Rosso,0 days 01:36:54.260000,2018-09-14 09:51:54.375,1,,False,,False,True,122.858,122.858
148,0 days 01:40:42.495000,GAS,10,0 days 00:01:45.377000,23.0,3.0,,,28.404,40.844,36.129,0 days 01:39:25.522000,0 days 01:40:06.366000,0 days 01:40:42.495000,299.0,266.0,249.0,290.0,False,ULTRASOFT,10.0,False,Toro Rosso,0 days 01:38:57.118000,2018-09-14 09:53:57.233,1,,False,,False,True,105.377,105.37700000000001
149,0 days 01:42:59.692000,GAS,10,0 days 00:02:17.197000,24.0,3.0,,0 days 01:42:51.995000,39.386,49.285,48.526,0 days 01:41:21.881000,0 days 01:42:11.166000,0 days 01:42:59.692000,260.0,243.0,,249.0,False,ULTRASOFT,11.0,False,Toro Rosso,0 days 01:40:42.495000,2018-09-14 09:55:42.610,12,,False,,False,False,137.197,137.197
150,0 days 01:45:52.987000,GAS,10,,25.0,4.0,0 days 01:43:26.498000,0 days 01:45:45.227000,68.556,57.008,47.701,0 days 01:44:08.420000,0 days 01:45:05.286000,0 days 01:45:53.078000,236.0,192.0,,249.0,False,ULTRASOFT,12.0,False,Toro Rosso,0 days 01:42:59.692000,2018-09-14 09:57:59.807,1,,False,,False,False,,173.265
151,0 days 00:22:01.912000,PER,11,,1.0,1.0,0 days 00:19:52.373000,0 days 00:21:54.322000,,52.301,46.6,,0 days 00:21:15.312000,0 days 00:22:02.063000,292.0,198.0,,,False,HYPERSOFT,1.0,True,Racing Point,0 days 00:19:52.373000,2018-09-14 08:34:52.488,12,,False,,False,False,,
152,0 days 00:38:55.506000,PER,11,,2.0,2.0,0 days 00:36:40.746000,,,45.955,43.662,,0 days 00:38:11.859000,0 days 00:38:55.958000,275.0,252.0,247.0,,False,HYPERSOFT,2.0,False,Racing Point,0 days 00:22:01.912000,2018-09-14 08:37:02.027,12,,False,,False,False,,
153,0 days 00:40:40.210000,PER,11,0 days 00:01:44.704000,3.0,2.0,,,28.487,40.559,35.658,0 days 00:39:23.993000,0 days 00:40:04.552000,0 days 00:40:40.210000,309.0,274.0,253.0,297.0,True,HYPERSOFT,3.0,False,Racing Point,0 days 00:38:55.506000,2018-09-14 08:53:55.621,1,,False,,False,True,104.704,104.704
154,0 days 00:43:03.037000,PER,11,0 days 00:02:22.827000,4.0,2.0,,,37.252,59.316,46.259,0 days 00:41:17.462000,0 days 00:42:16.778000,0 days 00:43:03.037000,154.0,169.0,251.0,222.0,False,HYPERSOFT,4.0,False,Racing Point,0 days 00:40:40.210000,2018-09-14 08:55:40.325,1,,False,,False,True,142.827,142.827
155,0 days 00:44:46.330000,PER,11,0 days 00:01:43.293000,5.0,2.0,,,28.212,39.788,35.293,0 days 00:43:31.249000,0 days 00:44:11.037000,0 days 00:44:46.330000,307.0,272.0,254.0,298.0,True,HYPERSOFT,5.0,False,Racing Point,0 days 00:43:03.037000,2018-09-14 08:58:03.152,1,,False,,False,True,103.293,103.293
156,0 days 00:47:14.279000,PER,11,0 days 00:02:27.949000,6.0,2.0,,,41.056,60.917,45.976,0 days 00:45:27.386000,0 days 00:46:28.303000,0 days 00:47:14.279000,160.0,226.0,250.0,222.0,False,HYPERSOFT,6.0,False,Racing Point,0 days 00:44:46.330000,2018-09-14 08:59:46.445,1,,False,,False,True,147.949,147.949
157,0 days 00:48:56.691000,PER,11,0 days 00:01:42.412000,7.0,2.0,,,27.952,39.455,35.005,0 days 00:47:42.231000,0 days 00:48:21.686000,0 days 00:48:56.691000,304.0,271.0,254.0,299.0,True,HYPERSOFT,7.0,False,Racing Point,0 days 00:47:14.279000,2018-09-14 09:02:14.394,1,,False,,False,True,102.412,102.412
158,0 days 00:51:15.645000,PER,11,0 days 00:02:18.954000,8.0,2.0,,,41.122,52.967,44.865,0 days 00:49:37.813000,0 days 00:50:30.780000,0 days 00:51:15.645000,172.0,227.0,252.0,218.0,False,HYPERSOFT,8.0,False,Racing Point,0 days 00:48:56.691000,2018-09-14 09:03:56.806,1,,False,,False,True,138.954,138.954
159,0 days 00:53:26.606000,PER,11,0 days 00:02:10.961000,9.0,2.0,,0 days 00:53:18.606000,27.854,39.411,63.696,0 days 00:51:43.499000,0 days 00:52:22.910000,0 days 00:53:26.606000,310.0,272.0,,300.0,False,HYPERSOFT,9.0,False,Racing Point,0 days 00:51:15.645000,2018-09-14 09:06:15.760,12,,False,,False,False,130.961,130.961
160,0 days 01:12:24.393000,PER,11,,10.0,3.0,0 days 01:10:24.778000,,,46.55,41.055,,0 days 01:11:43.362000,0 days 01:12:24.491000,283.0,255.0,252.0,300.0,False,SOFT,1.0,True,Racing Point,0 days 00:53:26.606000,2018-09-14 09:08:26.721,1,,False,,False,False,,
161,0 days 01:14:07.447000,PER,11,0 days 00:01:43.054000,11.0,3.0,,,28.027,39.722,35.305,0 days 01:12:52.420000,0 days 01:13:32.142000,0 days 01:14:07.447000,308.0,271.0,253.0,299.0,False,SOFT,2.0,True,Racing Point,0 days 01:12:24.393000,2018-09-14 09:27:24.508,1,,False,,False,True,103.054,103.054
162,0 days 01:16:13.239000,PER,11,0 days 00:02:05.792000,12.0,3.0,,,34.128,49.585,42.079,0 days 01:14:41.575000,0 days 01:15:31.160000,0 days 01:16:13.239000,270.0,248.0,253.0,236.0,False,SOFT,3.0,True,Racing Point,0 days 01:14:07.447000,2018-09-14 09:29:07.562,1,,False,,False,True,125.792,125.792
163,0 days 01:17:57.377000,PER,11,0 days 00:01:44.138000,13.0,3.0,,,27.845,39.678,36.615,0 days 01:16:41.084000,0 days 01:17:20.762000,0 days 01:17:57.377000,309.0,273.0,208.0,300.0,False,SOFT,4.0,True,Racing Point,0 days 01:16:13.239000,2018-09-14 09:31:13.354,1,,False,,False,True,104.138,104.138
164,0 days 01:20:13.375000,PER,11,0 days 00:02:15.998000,14.0,3.0,,,34.466,54.141,47.391,0 days 01:18:31.843000,0 days 01:19:25.984000,0 days 01:20:13.375000,250.0,244.0,246.0,218.0,False,SOFT,5.0,True,Racing Point,0 days 01:17:57.377000,2018-09-14 09:32:57.492,12,,False,,False,True,135.998,135.998
165,0 days 01:21:56.850000,PER,11,0 days 00:01:43.475000,15.0,3.0,,,27.879,40.139,35.457,0 days 01:20:41.254000,0 days 01:21:21.393000,0 days 01:21:56.850000,311.0,273.0,254.0,299.0,False,SOFT,6.0,True,Racing Point,0 days 01:20:13.375000,2018-09-14 09:35:13.490,21,,False,,False,True,103.475,103.475
166,0 days 01:24:14.803000,PER,11,0 days 00:02:17.953000,16.0,3.0,,0 days 01:24:07.108000,37.179,49.89,50.884,0 days 01:22:34.029000,0 days 01:23:23.919000,0 days 01:24:14.803000,135.0,182.0,,225.0,False,SOFT,7.0,True,Racing Point,0 days 01:21:56.850000,2018-09-14 09:36:56.965,1,,False,,False,False,137.953,137.953
167,0 days 01:33:37.390000,PER,11,,17.0,4.0,0 days 01:31:21.190000,,,49.787,38.316,,0 days 01:32:59.088000,0 days 01:33:37.489000,273.0,247.0,244.0,225.0,False,SOFT,8.0,False,Racing Point,0 days 01:24:14.803000,2018-09-14 09:39:14.918,1,,False,,False,False,,
168,0 days 01:35:24.054000,PER,11,0 days 00:01:46.664000,18.0,4.0,,,29.164,40.922,36.578,0 days 01:34:06.554000,0 days 01:34:47.476000,0 days 01:35:24.054000,292.0,265.0,246.0,286.0,False,SOFT,9.0,False,Racing Point,0 days 01:33:37.390000,2018-09-14 09:48:37.505,1,,False,,False,True,106.664,106.664
169,0 days 01:37:11.925000,PER,11,0 days 00:01:47.871000,19.0,4.0,,,29.031,42.022,36.818,0 days 01:35:53.085000,0 days 01:36:35.107000,0 days 01:37:11.925000,285.0,264.0,246.0,288.0,False,SOFT,10.0,False,Racing Point,0 days 01:35:24.054000,2018-09-14 09:50:24.169,1,,False,,False,True,107.871,107.871
170,0 days 01:38:59.674000,PER,11,0 days 00:01:47.749000,20.0,4.0,,,29.179,41.494,37.076,0 days 01:37:41.104000,0 days 01:38:22.598000,0 days 01:38:59.674000,283.0,261.0,245.0,283.0,False,SOFT,11.0,False,Racing Point,0 days 01:37:11.925000,2018-09-14 09:52:12.040,1,,False,,False,True,107.749,107.749
171,0 days 01:40:47.433000,PER,11,0 days 00:01:47.759000,21.0,4.0,,,29.266,41.515,36.978,0 days 01:39:28.940000,0 days 01:40:10.455000,0 days 01:40:47.433000,288.0,263.0,246.0,283.0,False,SOFT,12.0,False,Racing Point,0 days 01:38:59.674000,2018-09-14 09:53:59.789,1,,False,,False,True,107.759,107.75900000000001
172,0 days 01:42:36.617000,PER,11,0 days 00:01:49.184000,22.0,4.0,,,30.135,41.907,37.142,0 days 01:41:17.568000,0 days 01:41:59.475000,0 days 01:42:36.617000,283.0,263.0,246.0,283.0,False,SOFT,13.0,False,Racing Point,0 days 01:40:47.433000,2018-09-14 09:55:47.548,12,,False,,False,True,109.184,109.184
173,0 days 01:44:24.424000,PER,11,0 days 00:01:47.807000,23.0,4.0,,,29.332,41.6,36.875,0 days 01:43:05.949000,0 days 01:43:47.549000,0 days 01:44:24.424000,287.0,263.0,246.0,282.0,False,SOFT,14.0,False,Racing Point,0 days 01:42:36.617000,2018-09-14 09:57:36.732,1,,False,,False,True,107.807,107.807
174,0 days 01:46:12.396000,PER,11,0 days 00:01:47.972000,24.0,4.0,,,29.295,41.816,36.861,0 days 01:44:53.719000,0 days 01:45:35.535000,0 days 01:46:12.396000,286.0,263.0,247.0,285.0,False,SOFT,15.0,False,Racing Point,0 days 01:44:24.424000,2018-09-14 09:59:24.539,1,,False,,False,True,107.972,107.97200000000001
175,0 days 01:48:22.768000,PER,11,0 days 00:02:10.372000,25.0,4.0,,0 days 01:48:15.221000,32.701,47.575,50.096,0 days 01:46:45.097000,0 days 01:47:32.672000,0 days 01:48:22.768000,283.0,197.0,,261.0,False,SOFT,16.0,False,Racing Point,0 days 01:46:12.396000,2018-09-14 10:01:12.511,1,,False,,False,False,130.372,130.372
176,0 days 00:19:22.322000,ALO,14,,1.0,,0 days 00:17:05.543000,0 days 00:19:14.519000,,50.404,49.362,,0 days 00:18:32.960000,0 days 00:19:22.462000,248.0,247.0,,,False,nan,,True,McLaren,0 days 00:17:05.543000,2018-09-14 08:32:05.658,1,,False,,False,False,,
177,0 days 00:31:01.335000,ALO,14,,2.0,1.0,0 days 00:28:30.736000,,,47.423,42.014,,0 days 00:30:19.364000,0 days 00:31:01.402000,297.0,239.0,250.0,,False,SOFT,2.0,False,McLaren,0 days 00:19:22.322000,2018-09-14 08:34:22.437,12,,False,,False,False,,
178,0 days 00:32:47.961000,ALO,14,0 days 00:01:46.626000,3.0,1.0,,,28.766,41.377,36.483,0 days 00:31:30.101000,0 days 00:32:11.478000,0 days 00:32:47.961000,301.0,266.0,250.0,296.0,True,SOFT,3.0,False,McLaren,0 days 00:31:01.335000,2018-09-14 08:46:01.450,1,,False,,False,True,106.626,106.626
179,0 days 00:34:51.955000,ALO,14,0 days 00:02:03.994000,4.0,1.0,,,32.999,48.967,42.028,0 days 00:33:20.960000,0 days 00:34:09.927000,0 days 00:34:51.955000,258.0,237.0,253.0,273.0,False,SOFT,4.0,False,McLaren,0 days 00:32:47.961000,2018-09-14 08:47:48.076,1,,False,,False,True,123.994,123.994
180,0 days 00:36:37.727000,ALO,14,0 days 00:01:45.772000,5.0,1.0,,,28.319,41.19,36.263,0 days 00:35:20.274000,0 days 00:36:01.464000,0 days 00:36:37.727000,304.0,268.0,254.0,297.0,True,SOFT,5.0,False,McLaren,0 days 00:34:51.955000,2018-09-14 08:49:52.070,12,,False,,False,True,105.772,105.77199999999999
181,0 days 00:38:52.809000,ALO,14,0 days 00:02:15.082000,6.0,1.0,,0 days 00:38:45.217000,34.035,50.28,50.767,0 days 00:37:11.762000,0 days 00:38:02.042000,0 days 00:38:52.809000,216.0,223.0,,272.0,False,SOFT,6.0,False,McLaren,0 days 00:36:37.727000,2018-09-14 08:51:37.842,1,,False,,False,False,135.082,135.082
182,0 days 00:41:25.800000,ALO,14,,7.0,2.0,0 days 00:39:26.738000,,65.833,46.548,40.616,0 days 00:39:58.802000,0 days 00:40:45.197000,0 days 00:41:25.888000,264.0,255.0,254.0,272.0,False,SOFT,7.0,False,McLaren,0 days 00:38:52.809000,2018-09-14 08:53:52.924,1,,False,,False,False,,152.997
183,0 days 00:43:10.094000,ALO,14,0 days 00:01:44.294000,8.0,2.0,,,28.246,40.229,35.819,0 days 00:41:54.046000,0 days 00:42:34.275000,0 days 00:43:10.094000,301.0,268.0,251.0,296.0,True,SOFT,8.0,False,McLaren,0 days 00:41:25.800000,2018-09-14 08:56:25.915,1,,False,,False,True,104.294,104.294
184,0 days 00:45:14.586000,ALO,14,0 days 00:02:04.492000,9.0,2.0,,,33.154,48.924,42.414,0 days 00:43:43.248000,0 days 00:44:32.172000,0 days 00:45:14.586000,259.0,240.0,254.0,275.0,False,SOFT,9.0,False,McLaren,0 days 00:43:10.094000,2018-09-14 08:58:10.209,1,,False,,False,True,124.492,124.492
185,0 days 00:46:58.099000,ALO,14,0 days 00:01:43.513000,10.0,2.0,,,28.113,39.915,35.485,0 days 00:45:42.699000,0 days 00:46:22.614000,0 days 00:46:58.099000,302.0,269.0,256.0,299.0,True,SOFT,10.0,False,McLaren,0 days 00:45:14.586000,2018-09-14 09:00:14.701,1,,False,,False,True,103.513,103.51299999999999
186,0 days 00:48:59.140000,ALO,14,0 days 00:02:01.041000,11.0,2.0,,0 days 00:48:51.298000,31.586,43.204,46.251,0 days 00:47:29.685000,0 days 00:48:12.889000,0 days 00:48:59.140000,261.0,242.0,,277.0,False,SOFT,11.0,False,McLaren,0 days 00:46:58.099000,2018-09-14 09:01:58.214,1,,False,,False,False,121.041,121.041
187,0 days 00:51:29.072000,ALO,14,0 days 00:02:29.932000,12.0,3.0,0 days 00:49:23.738000,0 days 00:51:18.169000,56.912,43.786,49.234,0 days 00:49:56.052000,0 days 00:50:39.838000,0 days 00:51:29.072000,270.0,255.0,,277.0,False,SOFT,12.0,False,McLaren,0 days 00:48:59.140000,2018-09-14 09:03:59.255,1,,False,,False,False,149.932,149.93200000000002
188,0 days 01:07:07.563000,ALO,14,,13.0,4.0,0 days 01:04:48.626000,,,51.451,40.951,,0 days 01:06:26.618000,0 days 01:07:07.764000,267.0,250.0,254.0,277.0,False,ULTRASOFT,1.0,True,McLaren,0 days 00:51:29.072000,2018-09-14 09:06:29.187,12,,False,,False,False,,
189,0 days 01:08:50.259000,ALO,14,0 days 00:01:42.696000,14.0,4.0,,,27.874,39.615,35.207,0 days 01:07:35.437000,0 days 01:08:15.052000,0 days 01:08:50.259000,306.0,267.0,252.0,297.0,True,ULTRASOFT,2.0,True,McLaren,0 days 01:07:07.563000,2018-09-14 09:22:07.678,1,,False,,False,True,102.696,102.696
190,0 days 01:10:59.699000,ALO,14,0 days 00:02:09.440000,15.0,4.0,,,34.186,49.681,45.573,0 days 01:09:24.445000,0 days 01:10:14.126000,0 days 01:10:59.699000,238.0,241.0,254.0,255.0,False,ULTRASOFT,3.0,True,McLaren,0 days 01:08:50.259000,2018-09-14 09:23:50.374,1,,False,,False,True,129.44,129.44
191,0 days 01:12:44.945000,ALO,14,0 days 00:01:45.246000,16.0,4.0,,,28.41,40.545,36.291,0 days 01:11:28.109000,0 days 01:12:08.654000,0 days 01:12:44.945000,289.0,268.0,250.0,300.0,False,ULTRASOFT,4.0,True,McLaren,0 days 01:10:59.699000,2018-09-14 09:25:59.814,1,,False,,False,True,105.246,105.246
192,0 days 01:14:55.322000,ALO,14,0 days 00:02:10.377000,17.0,4.0,,0 days 01:14:45.566000,33.435,43.871,53.071,0 days 01:13:18.380000,0 days 01:14:02.251000,0 days 01:14:55.322000,256.0,240.0,,268.0,False,ULTRASOFT,5.0,True,McLaren,0 days 01:12:44.945000,2018-09-14 09:27:45.060,1,,False,,False,False,130.377,130.377
193,0 days 01:36:13.285000,ALO,14,,18.0,5.0,0 days 01:33:51.507000,,,48.388,41.175,,0 days 01:35:32.117000,0 days 01:36:13.385000,260.0,245.0,254.0,268.0,False,ULTRASOFT,6.0,False,McLaren,0 days 01:14:55.322000,2018-09-14 09:29:55.437,12,,False,,False,False,,
194,0 days 01:37:56.988000,ALO,14,0 days 00:01:43.703000,19.0,5.0,,,27.741,39.949,36.013,0 days 01:36:41.026000,0 days 01:37:20.975000,0 days 01:37:56.988000,304.0,268.0,249.0,297.0,False,ULTRASOFT,7.0,False,McLaren,0 days 01:36:13.285000,2018-09-14 09:51:13.400,1,,False,,False,True,103.703,103.703
195,0 days 01:40:05.466000,ALO,14,0 days 00:02:08.478000,20.0,5.0,,,33.907,50.846,43.725,0 days 01:38:30.895000,0 days 01:39:21.741000,0 days 01:40:05.466000,246.0,240.0,254.0,262.0,False,ULTRASOFT,8.0,False,McLaren,0 days 01:37:56.988000,2018-09-14 09:52:57.103,1,,False,,False,True,128.478,128.47799999999998
196,0 days 01:41:48.096000,ALO,14,0 days 00:01:42.630000,21.0,5.0,,,27.832,39.584,35.214,0 days 01:40:33.298000,0 days 01:41:12.882000,0 days 01:41:48.096000,303.0,269.0,252.0,298.0,True,ULTRASOFT,9.0,False,McLaren,0 days 01:40:05.466000,2018-09-14 09:55:05.581,12,,False,,False,True,102.63,102.63
197,0 days 01:44:02.640000,ALO,14,0 days 00:02:14.544000,22.0,5.0,,,30.437,55.665,48.442,0 days 01:42:18.533000,0 days 01:43:14.198000,0 days 01:44:02.640000,271.0,233.0,254.0,275.0,False,ULTRASOFT,10.0,False,McLaren,0 days 01:41:48.096000,2018-09-14 09:56:48.211,1,,False,,False,True,134.544,134.544
198,0 days 01:45:58.438000,ALO,14,0 days 00:01:55.798000,23.0,5.0,,0 days 01:45:50.617000,27.945,39.745,48.108,0 days 01:44:30.585000,0 days 01:45:10.330000,0 days 01:45:58.438000,305.0,270.0,,299.0,False,ULTRASOFT,11.0,False,McLaren,0 days 01:44:02.640000,2018-09-14 09:59:02.755,1,,False,,False,False,115.798,115.798
199,0 days 00:20:13.211000,LEC,16,,1.0,,0 days 00:17:57.328000,0 days 00:20:05.334000,,49.114,50.998,,0 days 00:19:22.278000,0 days 00:20:13.211000,211.0,197.0,,,False,nan,,True,Sauber,0 days 00:17:57.328000,2018-09-14 08:32:57.443,1,,False,,False,False,,
200,0 days 00:23:01.533000,LEC,16,,2.0,1.0,0 days 00:20:33.259000,0 days 00:22:53.754000,70.731,49.243,48.447,0 days 00:21:23.872000,0 days 00:22:13.086000,0 days 00:23:01.631000,191.0,198.0,,,False,SOFT,2.0,False,Sauber,0 days 00:20:13.211000,2018-09-14 08:35:13.326,12,,False,,False,False,,168.421
201,0 days 00:43:34.052000,LEC,16,,3.0,2.0,0 days 00:41:18.637000,,,45.395,44.015,,0 days 00:42:50.170000,0 days 00:43:34.117000,253.0,253.0,240.0,,False,SOFT,3.0,False,Sauber,0 days 00:23:01.533000,2018-09-14 08:38:01.648,12,,False,,False,False,,
202,0 days 00:45:23.534000,LEC,16,0 days 00:01:49.482000,4.0,2.0,,,30.02,42.095,37.367,0 days 00:44:04.072000,0 days 00:44:46.167000,0 days 00:45:23.534000,289.0,267.0,249.0,282.0,True,SOFT,4.0,False,Sauber,0 days 00:43:34.052000,2018-09-14 08:58:34.167,1,,False,,False,True,109.482,109.482
203,0 days 00:47:10.294000,LEC,16,0 days 00:01:46.760000,5.0,2.0,,,29.054,41.107,36.599,0 days 00:45:52.588000,0 days 00:46:33.695000,0 days 00:47:10.294000,301.0,264.0,248.0,286.0,True,SOFT,5.0,False,Sauber,0 days 00:45:23.534000,2018-09-14 09:00:23.649,1,,False,,False,True,106.76,106.75999999999999
204,0 days 00:49:47.820000,LEC,16,,6.0,2.0,,,37.382,63.197,56.959,0 days 00:47:47.747000,0 days 00:48:50.861000,0 days 00:49:48.091000,101.0,112.0,243.0,288.0,False,SOFT,6.0,False,Sauber,0 days 00:47:10.294000,2018-09-14 09:02:10.409,1,,False,,False,False,,157.538
205,0 days 00:51:33.819000,LEC,16,0 days 00:01:45.999000,7.0,2.0,,,28.987,40.991,36.021,0 days 00:50:16.807000,0 days 00:50:57.798000,0 days 00:51:33.819000,300.0,268.0,251.0,290.0,True,SOFT,7.0,False,Sauber,0 days 00:49:47.820000,2018-09-14 09:04:47.935,1,,False,,False,True,105.999,105.999
206,0 days 00:53:46.787000,LEC,16,0 days 00:02:12.968000,8.0,2.0,,0 days 00:53:39.040000,29.475,53.047,50.446,0 days 00:52:03.294000,0 days 00:52:56.341000,0 days 00:53:46.787000,290.0,198.0,,246.0,False,SOFT,8.0,False,Sauber,0 days 00:51:33.819000,2018-09-14 09:06:33.934,12,,False,,False,False,132.968,132.968
207,0 days 01:04:17.940000,LEC,16,,9.0,3.0,0 days 01:01:53.783000,,,55.205,44.859,,0 days 01:03:33.257000,0 days 01:04:18.143000,274.0,233.0,252.0,246.0,False,HYPERSOFT,1.0,True,Sauber,0 days 00:53:46.787000,2018-09-14 09:08:46.902,1,,False,,False,False,,
208,0 days 01:06:01.281000,LEC,16,0 days 00:01:43.341000,10.0,3.0,,,28.359,39.703,35.279,0 days 01:04:46.299000,0 days 01:05:26.002000,0 days 01:06:01.281000,302.0,268.0,253.0,296.0,True,HYPERSOFT,2.0,True,Sauber,0 days 01:04:17.940000,2018-09-14 09:19:18.055,1,,False,,False,True,103.341,103.34100000000001
209,0 days 01:08:28.739000,LEC,16,0 days 00:02:27.458000,11.0,3.0,,,42.953,59.789,44.716,0 days 01:06:44.234000,0 days 01:07:44.023000,0 days 01:08:28.739000,162.0,221.0,253.0,208.0,False,HYPERSOFT,3.0,True,Sauber,0 days 01:06:01.281000,2018-09-14 09:21:01.396,1,,False,,False,True,147.458,147.458
210,0 days 01:10:12.005000,LEC,16,0 days 00:01:43.266000,12.0,3.0,,,28.116,39.708,35.442,0 days 01:08:56.855000,0 days 01:09:36.563000,0 days 01:10:12.005000,302.0,270.0,252.0,295.0,True,HYPERSOFT,4.0,True,Sauber,0 days 01:08:28.739000,2018-09-14 09:23:28.854,1,,False,,False,True,103.266,103.26599999999999
211,0 days 01:12:56.048000,LEC,16,,13.0,3.0,,,50.088,62.063,51.889,0 days 01:11:02.187000,0 days 01:12:04.380000,0 days 01:12:56.983000,134.0,240.0,254.0,215.0,False,HYPERSOFT,5.0,True,Sauber,0 days 01:10:12.005000,2018-09-14 09:25:12.120,1,,False,,False,False,,164.04000000000002
212,0 days 01:14:38.978000,LEC,16,0 days 00:01:42.930000,14.0,3.0,,,27.944,39.71,35.276,0 days 01:13:23.992000,0 days 01:14:03.702000,0 days 01:14:38.978000,306.0,270.0,248.0,296.0,True,HYPERSOFT,6.0,True,Sauber,0 days 01:12:56.048000,2018-09-14 09:27:56.163,1,,False,,False,True,102.93,102.93
213,0 days 01:17:31.843000,LEC,16,,15.0,3.0,,,47.673,71.845,53.346,0 days 01:15:26.724000,0 days 01:16:40.839000,0 days 01:17:31.906000,87.0,237.0,252.0,200.0,False,HYPERSOFT,7.0,True,Sauber,0 days 01:14:38.978000,2018-09-14 09:29:39.093,1,,False,,False,False,,172.864
214,0 days 01:19:21.239000,LEC,16,0 days 00:01:49.396000,16.0,3.0,,,28.035,39.553,41.808,0 days 01:17:59.878000,0 days 01:18:39.431000,0 days 01:19:21.239000,304.0,269.0,202.0,297.0,False,HYPERSOFT,8.0,True,Sauber,0 days 01:17:31.843000,2018-09-14 09:32:31.958,12,,False,,False,True,109.396,109.39599999999999
215,0 days 01:21:33.471000,LEC,16,0 days 00:02:12.232000,17.0,3.0,,,35.839,53.272,43.121,0 days 01:19:57.078000,0 days 01:20:50.350000,0 days 01:21:33.471000,260.0,242.0,255.0,169.0,False,HYPERSOFT,9.0,True,Sauber,0 days 01:19:21.239000,2018-09-14 09:34:21.354,12,,False,,False,True,132.232,132.232
216,0 days 01:23:15.506000,LEC,16,0 days 00:01:42.035000,18.0,3.0,,,28.03,39.159,34.846,0 days 01:22:01.501000,0 days 01:22:40.660000,0 days 01:23:15.506000,303.0,269.0,254.0,296.0,True,HYPERSOFT,10.0,True,Sauber,0 days 01:21:33.471000,2018-09-14 09:36:33.586,1,,False,,False,True,102.035,102.035
217,0 days 01:25:46.244000,LEC,16,,19.0,3.0,,,38.918,59.581,52.241,0 days 01:23:54.556000,0 days 01:24:54.190000,0 days 01:25:46.304000,217.0,234.0,252.0,231.0,False,HYPERSOFT,11.0,True,Sauber,0 days 01:23:15.506000,2018-09-14 09:38:15.621,1,,False,,False,False,,150.74
218,0 days 01:27:41.122000,LEC,16,0 days 00:01:54.878000,20.0,3.0,,0 days 01:27:33.534000,27.821,39.713,47.344,0 days 01:26:14.065000,0 days 01:26:53.778000,0 days 01:27:41.122000,304.0,269.0,,297.0,False,HYPERSOFT,12.0,True,Sauber,0 days 01:25:46.244000,2018-09-14 09:40:46.359,1,,False,,False,False,114.878,114.87800000000001
219,0 days 01:36:25.847000,LEC,16,,21.0,4.0,0 days 01:33:54.515000,,,46.729,49.082,,0 days 01:35:36.772000,0 days 01:36:25.949000,280.0,242.0,245.0,297.0,False,HYPERSOFT,13.0,False,Sauber,0 days 01:27:41.122000,2018-09-14 09:42:41.237,1,,False,,False,False,,
220,0 days 01:38:09.157000,LEC,16,0 days 00:01:43.310000,22.0,4.0,,,28.175,39.696,35.439,0 days 01:36:54.022000,0 days 01:37:33.718000,0 days 01:38:09.157000,304.0,269.0,252.0,290.0,False,HYPERSOFT,14.0,False,Sauber,0 days 01:36:25.847000,2018-09-14 09:51:25.962,1,,False,,False,True,103.31,103.31
221,0 days 01:40:22.593000,LEC,16,0 days 00:02:13.436000,23.0,4.0,,,37.156,56.932,39.348,0 days 01:38:46.313000,0 days 01:39:43.245000,0 days 01:40:22.593000,262.0,243.0,253.0,267.0,False,HYPERSOFT,15.0,False,Sauber,0 days 01:38:09.157000,2018-09-14 09:53:09.272,1,,False,,False,True,133.436,133.43599999999998
222,0 days 01:49:02.789000,LEC,16,,24.0,4.0,,0 days 01:49:02.789000,27.938,56.932,,0 days 01:40:50.547000,0 days 01:49:03.524000,,303.0,243.0,,295.0,False,HYPERSOFT,16.0,False,Sauber,0 days 01:40:22.593000,2018-09-14 09:55:22.708,12,,False,,False,False,,
223,0 days 00:18:23.058000,STR,18,,1.0,,0 days 00:16:19.177000,0 days 00:18:15.279000,,48.664,49.95,,0 days 00:17:33.108000,0 days 00:18:23.232000,262.0,248.0,,,False,nan,,True,Williams,0 days 00:16:19.177000,2018-09-14 08:31:19.292,1,,False,,False,False,,
224,0 days 00:18:50.673000,STR,18,,2.0,,,,,,,,,,262.0,248.0,,,False,nan,,True,Williams,0 days 00:18:23.058000,2018-09-14 08:33:23.173,1,,False,,False,False,,
225,0 days 00:21:02.736000,STR,18,,3.0,1.0,0 days 00:18:50.673000,,59.222,52.938,47.497,0 days 00:19:22.301000,0 days 00:20:15.259000,0 days 00:21:02.808000,289.0,205.0,244.0,,False,ULTRASOFT,1.0,True,Williams,0 days 00:18:50.673000,2018-09-14 08:33:50.788,1,,False,,False,False,,159.65699999999998
226,0 days 00:23:43.288000,STR,18,,4.0,1.0,,,63.986,53.761,42.834,0 days 00:22:06.721000,0 days 00:23:01.583000,0 days 00:23:43.370000,254.0,253.0,244.0,294.0,False,ULTRASOFT,2.0,True,Williams,0 days 00:21:02.736000,2018-09-14 08:36:02.851,12,,False,,False,False,,160.58100000000002
227,0 days 00:25:33.960000,STR,18,0 days 00:01:50.672000,5.0,1.0,,,29.678,42.928,38.066,0 days 00:24:12.966000,0 days 00:24:55.894000,0 days 00:25:33.960000,303.0,267.0,246.0,295.0,True,ULTRASOFT,3.0,True,Williams,0 days 00:23:43.288000,2018-09-14 08:38:43.403,1,,False,,False,True,110.672,110.672
228,0 days 00:27:22.925000,STR,18,0 days 00:01:48.965000,6.0,1.0,,,29.287,41.851,37.827,0 days 00:26:03.247000,0 days 00:26:45.098000,0 days 00:27:22.925000,303.0,268.0,245.0,296.0,True,ULTRASOFT,4.0,True,Williams,0 days 00:25:33.960000,2018-09-14 08:40:34.075,1,,False,,False,True,108.965,108.965
229,0 days 00:29:35.868000,STR,18,0 days 00:02:12.943000,7.0,1.0,,,36.071,53.694,43.178,0 days 00:27:58.996000,0 days 00:28:52.690000,0 days 00:29:35.868000,207.0,245.0,246.0,269.0,False,ULTRASOFT,5.0,True,Williams,0 days 00:27:22.925000,2018-09-14 08:42:23.040,12,,False,,False,True,132.943,132.94299999999998
230,0 days 00:31:23.567000,STR,18,0 days 00:01:47.699000,8.0,1.0,,,28.984,41.662,37.053,0 days 00:30:04.852000,0 days 00:30:46.514000,0 days 00:31:23.567000,304.0,268.0,249.0,295.0,True,ULTRASOFT,6.0,True,Williams,0 days 00:29:35.868000,2018-09-14 08:44:35.983,1,,False,,False,True,107.699,107.699
231,0 days 00:33:43.438000,STR,18,0 days 00:02:19.871000,9.0,1.0,,,39.375,52.891,47.605,0 days 00:32:02.942000,0 days 00:32:55.833000,0 days 00:33:43.438000,178.0,233.0,246.0,250.0,False,ULTRASOFT,7.0,True,Williams,0 days 00:31:23.567000,2018-09-14 08:46:23.682,1,,False,,False,True,139.871,139.87099999999998
232,0 days 00:35:30.327000,STR,18,0 days 00:01:46.889000,10.0,1.0,,,28.799,41.407,36.683,0 days 00:34:12.237000,0 days 00:34:53.644000,0 days 00:35:30.327000,304.0,268.0,251.0,296.0,True,ULTRASOFT,8.0,True,Williams,0 days 00:33:43.438000,2018-09-14 08:48:43.553,12,,False,,False,True,106.889,106.88899999999998
233,0 days 00:37:44.275000,STR,18,0 days 00:02:13.948000,11.0,1.0,,,35.284,50.86,47.804,0 days 00:36:05.611000,0 days 00:36:56.471000,0 days 00:37:44.275000,253.0,198.0,249.0,245.0,False,ULTRASOFT,9.0,True,Williams,0 days 00:35:30.327000,2018-09-14 08:50:30.442,21,,False,,False,True,133.948,133.948
234,0 days 00:39:30.162000,STR,18,0 days 00:01:45.887000,12.0,1.0,,,28.554,40.948,36.385,0 days 00:38:12.829000,0 days 00:38:53.777000,0 days 00:39:30.162000,303.0,268.0,250.0,297.0,True,ULTRASOFT,10.0,True,Williams,0 days 00:37:44.275000,2018-09-14 08:52:44.390,1,,False,,False,True,105.887,105.887
235,0 days 00:41:45.241000,STR,18,0 days 00:02:15.079000,13.0,1.0,,0 days 00:41:37.514000,35.774,47.793,51.512,0 days 00:40:05.936000,0 days 00:40:53.729000,0 days 00:41:45.241000,238.0,197.0,,234.0,False,ULTRASOFT,11.0,True,Williams,0 days 00:39:30.162000,2018-09-14 08:54:30.277,1,,False,,False,False,135.079,135.079
236,0 days 01:01:04.289000,STR,18,,14.0,1.0,0 days 00:58:59.838000,,,48.845,40.86,,0 days 01:00:23.433000,0 days 01:01:04.373000,273.0,254.0,253.0,234.0,False,ULTRASOFT,12.0,True,Williams,0 days 00:41:45.241000,2018-09-14 08:56:45.356,12,,False,,False,False,,
237,0 days 01:02:48.138000,STR,18,0 days 00:01:43.849000,15.0,2.0,,,28.229,40.004,35.616,0 days 01:01:32.518000,0 days 01:02:12.522000,0 days 01:02:48.138000,302.0,269.0,250.0,297.0,True,None,,False,Williams,0 days 01:01:04.289000,2018-09-14 09:16:04.404,1,,False,,False,True,103.849,103.849
238,0 days 01:05:13.537000,STR,18,0 days 00:02:25.399000,16.0,2.0,,,39.024,57.162,49.213,0 days 01:03:27.162000,0 days 01:04:24.324000,0 days 01:05:13.537000,192.0,227.0,249.0,246.0,False,None,,False,Williams,0 days 01:02:48.138000,2018-09-14 09:17:48.253,1,,False,,False,True,145.399,145.399
239,0 days 01:06:57.635000,STR,18,0 days 00:01:44.098000,17.0,2.0,,,28.212,40.204,35.682,0 days 01:05:41.749000,0 days 01:06:21.953000,0 days 01:06:57.635000,305.0,268.0,250.0,296.0,False,None,,False,Williams,0 days 01:05:13.537000,2018-09-14 09:20:13.652,1,,False,,False,True,104.098,104.098
240,0 days 01:09:11.893000,STR,18,0 days 00:02:14.258000,18.0,2.0,,,37.614,51.153,45.491,0 days 01:07:35.249000,0 days 01:08:26.402000,0 days 01:09:11.893000,207.0,232.0,251.0,234.0,False,None,,False,Williams,0 days 01:06:57.635000,2018-09-14 09:21:57.750,1,,False,,False,True,134.258,134.25799999999998
241,0 days 01:10:56.403000,STR,18,0 days 00:01:44.510000,19.0,2.0,,,28.234,40.042,36.234,0 days 01:09:40.127000,0 days 01:10:20.169000,0 days 01:10:56.403000,304.0,272.0,251.0,297.0,False,None,,False,Williams,0 days 01:09:11.893000,2018-09-14 09:24:12.008,1,,False,,False,True,104.51,104.51000000000002
242,0 days 01:13:18.514000,STR,18,0 days 00:02:22.111000,20.0,2.0,,0 days 01:13:10.791000,43.298,49.626,49.187,0 days 01:11:39.701000,0 days 01:12:29.327000,0 days 01:13:18.514000,239.0,198.0,,240.0,False,None,,False,Williams,0 days 01:10:56.403000,2018-09-14 09:25:56.518,1,,False,,False,False,142.111,142.111
243,0 days 01:28:23.220000,STR,18,,21.0,3.0,0 days 01:26:17.635000,,,42.647,37.215,,0 days 01:27:46.039000,0 days 01:28:23.445000,294.0,265.0,245.0,240.0,False,ULTRASOFT,8.0,False,Williams,0 days 01:13:18.514000,2018-09-14 09:28:18.629,12,,False,,False,False,,
244,0 days 01:30:11.644000,STR,18,0 days 00:01:48.424000,22.0,3.0,,,29.507,41.461,37.456,0 days 01:28:52.727000,0 days 01:29:34.188000,0 days 01:30:11.644000,278.0,258.0,240.0,284.0,False,ULTRASOFT,9.0,False,Williams,0 days 01:28:23.220000,2018-09-14 09:43:23.335,1,,False,,False,True,108.424,108.424
245,0 days 01:32:00.492000,STR,18,0 days 00:01:48.848000,23.0,3.0,,,29.808,41.834,37.206,0 days 01:30:41.452000,0 days 01:31:23.286000,0 days 01:32:00.492000,278.0,258.0,240.0,268.0,False,ULTRASOFT,10.0,False,Williams,0 days 01:30:11.644000,2018-09-14 09:45:11.759,1,,False,,False,True,108.848,108.848
246,0 days 01:33:48.978000,STR,18,0 days 00:01:48.486000,24.0,3.0,,,29.762,41.627,37.097,0 days 01:32:30.254000,0 days 01:33:11.881000,0 days 01:33:48.978000,276.0,258.0,246.0,268.0,False,ULTRASOFT,11.0,False,Williams,0 days 01:32:00.492000,2018-09-14 09:47:00.607,1,,False,,False,True,108.486,108.48600000000002
247,0 days 01:35:37.362000,STR,18,0 days 00:01:48.384000,25.0,3.0,,,29.544,41.772,37.068,0 days 01:34:18.522000,0 days 01:35:00.294000,0 days 01:35:37.362000,278.0,257.0,244.0,275.0,False,ULTRASOFT,12.0,False,Williams,0 days 01:33:48.978000,2018-09-14 09:48:49.093,1,,False,,False,True,108.384,108.384
248,0 days 01:37:26.057000,STR,18,0 days 00:01:48.695000,26.0,3.0,,,29.749,41.854,37.092,0 days 01:36:07.111000,0 days 01:36:48.965000,0 days 01:37:26.057000,278.0,256.0,245.0,275.0,False,ULTRASOFT,13.0,False,Williams,0 days 01:35:37.362000,2018-09-14 09:50:37.477,1,,False,,False,True,108.695,108.695
249,0 days 01:39:17.200000,STR,18,0 days 00:01:51.143000,27.0,3.0,,,29.792,41.973,39.378,0 days 01:37:55.849000,0 days 01:38:37.822000,0 days 01:39:17.200000,278.0,259.0,242.0,272.0,False,ULTRASOFT,14.0,False,Williams,0 days 01:37:26.057000,2018-09-14 09:52:26.172,1,,False,,False,True,111.143,111.143
250,0 days 01:41:06.897000,STR,18,0 days 00:01:49.697000,28.0,3.0,,,29.907,42.429,37.361,0 days 01:39:47.107000,0 days 01:40:29.536000,0 days 01:41:06.897000,264.0,257.0,245.0,276.0,False,ULTRASOFT,15.0,False,Williams,0 days 01:39:17.200000,2018-09-14 09:54:17.315,1,,False,,False,True,109.697,109.697
251,0 days 01:43:04.133000,STR,18,0 days 00:01:57.236000,29.0,3.0,,0 days 01:42:56.463000,29.838,42.046,45.352,0 days 01:41:36.735000,0 days 01:42:18.781000,0 days 01:43:04.133000,278.0,258.0,,272.0,False,ULTRASOFT,16.0,False,Williams,0 days 01:41:06.897000,2018-09-14 09:56:07.012,12,,False,,False,False,117.236,117.23599999999999
252,0 days 01:45:10.859000,STR,18,0 days 00:02:06.726000,30.0,4.0,0 days 01:43:20.668000,,46.494,42.783,37.449,0 days 01:43:50.627000,0 days 01:44:33.410000,0 days 01:45:10.859000,281.0,260.0,237.0,272.0,False,ULTRASOFT,17.0,False,Williams,0 days 01:43:04.133000,2018-09-14 09:58:04.248,1,,False,,False,False,126.726,126.726
253,0 days 01:47:25.357000,STR,18,0 days 00:02:14.498000,31.0,4.0,,0 days 01:47:17.702000,35.546,47.106,51.846,0 days 01:45:46.405000,0 days 01:46:33.511000,0 days 01:47:25.357000,238.0,200.0,,267.0,False,ULTRASOFT,18.0,False,Williams,0 days 01:45:10.859000,2018-09-14 10:00:10.974,1,,False,,False,False,134.498,134.498
254,0 days 00:18:35.312000,MAG,20,,1.0,,0 days 00:16:14.041000,0 days 00:18:27.296000,,50.205,51.624,,0 days 00:17:43.688000,0 days 00:18:35.406000,198.0,244.0,,,False,nan,,True,Haas F1 Team,0 days 00:16:14.041000,2018-09-14 08:31:14.156,1,,False,,False,False,,
255,0 days 00:36:42.681000,MAG,20,,2.0,1.0,0 days 00:34:22.557000,,,48.986,40.404,,0 days 00:36:02.292000,0 days 00:36:42.779000,212.0,239.0,249.0,,False,ULTRASOFT,2.0,False,Haas F1 Team,0 days 00:18:35.312000,2018-09-14 08:33:35.427,12,,False,,False,False,,
256,0 days 00:38:32.858000,MAG,20,0 days 00:01:50.177000,3.0,1.0,,,29.072,43.322,37.783,0 days 00:37:11.753000,0 days 00:37:55.075000,0 days 00:38:32.858000,304.0,264.0,249.0,297.0,True,ULTRASOFT,3.0,False,Haas F1 Team,0 days 00:36:42.681000,2018-09-14 08:51:42.796,1,,False,,False,True,110.177,110.177
257,0 days 00:40:33.343000,MAG,20,0 days 00:02:00.485000,4.0,1.0,,,32.837,46.277,41.371,0 days 00:39:05.695000,0 days 00:39:51.972000,0 days 00:40:33.343000,276.0,259.0,250.0,296.0,False,ULTRASOFT,4.0,False,Haas F1 Team,0 days 00:38:32.858000,2018-09-14 08:53:32.973,1,,False,,False,True,120.485,120.48500000000001
258,0 days 00:42:20.380000,MAG,20,0 days 00:01:47.037000,5.0,1.0,,,28.513,41.479,37.045,0 days 00:41:01.856000,0 days 00:41:43.335000,0 days 00:42:20.380000,303.0,268.0,252.0,296.0,True,ULTRASOFT,5.0,False,Haas F1 Team,0 days 00:40:33.343000,2018-09-14 08:55:33.458,1,,False,,False,True,107.037,107.037
259,0 days 00:44:25.813000,MAG,20,0 days 00:02:05.433000,6.0,1.0,,,33.789,46.802,44.842,0 days 00:42:54.169000,0 days 00:43:40.971000,0 days 00:44:25.813000,240.0,250.0,251.0,246.0,False,ULTRASOFT,6.0,False,Haas F1 Team,0 days 00:42:20.380000,2018-09-14 08:57:20.495,1,,False,,False,True,125.433,125.433
260,0 days 00:46:11.941000,MAG,20,0 days 00:01:46.128000,7.0,1.0,,,28.549,40.931,36.648,0 days 00:44:54.362000,0 days 00:45:35.293000,0 days 00:46:11.941000,303.0,268.0,253.0,296.0,True,ULTRASOFT,7.0,False,Haas F1 Team,0 days 00:44:25.813000,2018-09-14 08:59:25.928,1,,False,,False,True,106.128,106.12799999999999
261,0 days 00:48:24.603000,MAG,20,0 days 00:02:12.662000,8.0,1.0,,,34.482,49.701,48.479,0 days 00:46:46.423000,0 days 00:47:36.124000,0 days 00:48:24.603000,201.0,233.0,248.0,231.0,False,ULTRASOFT,8.0,False,Haas F1 Team,0 days 00:46:11.941000,2018-09-14 09:01:12.056,1,,False,,False,True,132.662,132.66199999999998
262,0 days 00:50:09.622000,MAG,20,0 days 00:01:45.019000,9.0,1.0,,,28.529,40.543,35.947,0 days 00:48:53.132000,0 days 00:49:33.675000,0 days 00:50:09.622000,303.0,267.0,252.0,296.0,True,ULTRASOFT,9.0,False,Haas F1 Team,0 days 00:48:24.603000,2018-09-14 09:03:24.718,1,,False,,False,True,105.019,105.019
263,0 days 00:52:26.954000,MAG,20,0 days 00:02:17.332000,10.0,1.0,,0 days 00:52:18.893000,39.436,49.366,48.53,0 days 00:50:49.058000,0 days 00:51:38.424000,0 days 00:52:26.954000,198.0,243.0,,218.0,False,ULTRASOFT,10.0,False,Haas F1 Team,0 days 00:50:09.622000,2018-09-14 09:05:09.737,1,,False,,False,False,137.332,137.332
264,0 days 01:18:26.008000,MAG,20,,11.0,2.0,0 days 01:16:15.775000,,,42.969,41.773,,0 days 01:17:44.235000,0 days 01:18:26.098000,295.0,255.0,252.0,218.0,False,HYPERSOFT,1.0,True,Haas F1 Team,0 days 00:52:26.954000,2018-09-14 09:07:27.069,12,,False,,False,False,,
265,0 days 01:20:37.723000,MAG,20,0 days 00:02:11.715000,12.0,2.0,,,30.34,50.543,50.832,0 days 01:18:56.348000,0 days 01:19:46.891000,0 days 01:20:37.723000,294.0,197.0,251.0,297.0,False,HYPERSOFT,2.0,True,Haas F1 Team,0 days 01:18:26.008000,2018-09-14 09:33:26.123,12,,False,,False,True,131.715,131.715
266,0 days 01:22:20.295000,MAG,20,0 days 00:01:42.572000,13.0,2.0,,,27.812,39.429,35.331,0 days 01:21:05.535000,0 days 01:21:44.964000,0 days 01:22:20.295000,302.0,267.0,255.0,294.0,True,HYPERSOFT,3.0,True,Haas F1 Team,0 days 01:20:37.723000,2018-09-14 09:35:37.838,1,,False,,False,True,102.572,102.572
267,0 days 01:24:46.767000,MAG,20,0 days 00:02:26.472000,14.0,2.0,,,38.416,58.648,49.408,0 days 01:22:58.711000,0 days 01:23:57.359000,0 days 01:24:46.767000,216.0,154.0,251.0,241.0,False,HYPERSOFT,4.0,True,Haas F1 Team,0 days 01:22:20.295000,2018-09-14 09:37:20.410,1,,False,,False,True,146.472,146.47199999999998
268,0 days 01:26:29.219000,MAG,20,0 days 00:01:42.452000,15.0,2.0,,,27.921,39.579,34.952,0 days 01:25:14.688000,0 days 01:25:54.267000,0 days 01:26:29.219000,302.0,266.0,256.0,295.0,True,HYPERSOFT,5.0,True,Haas F1 Team,0 days 01:24:46.767000,2018-09-14 09:39:46.882,1,,False,,False,True,102.452,102.452
269,0 days 01:28:52.433000,MAG,20,0 days 00:02:23.214000,16.0,2.0,,0 days 01:28:37.364000,36.034,47.317,59.863,0 days 01:27:05.253000,0 days 01:27:52.570000,0 days 01:28:52.433000,198.0,198.0,,233.0,False,HYPERSOFT,6.0,True,Haas F1 Team,0 days 01:26:29.219000,2018-09-14 09:41:29.334,1,,False,,False,False,143.214,143.214
270,0 days 01:42:06.372000,MAG,20,,17.0,3.0,0 days 01:39:57.059000,,,44.465,40.803,,0 days 01:41:25.571000,0 days 01:42:06.491000,290.0,249.0,249.0,233.0,False,HYPERSOFT,7.0,False,Haas F1 Team,0 days 01:28:52.433000,2018-09-14 09:43:52.548,12,,False,,False,False,,
271,0 days 01:43:53.475000,MAG,20,0 days 00:01:47.103000,18.0,3.0,,,28.548,41.966,36.589,0 days 01:42:34.920000,0 days 01:43:16.886000,0 days 01:43:53.475000,301.0,267.0,249.0,293.0,False,HYPERSOFT,8.0,False,Haas F1 Team,0 days 01:42:06.372000,2018-09-14 09:57:06.487,1,,False,,False,True,107.103,107.103
272,0 days 01:45:41.353000,MAG,20,0 days 00:01:47.878000,19.0,3.0,,,29.065,41.989,36.824,0 days 01:44:22.540000,0 days 01:45:04.529000,0 days 01:45:41.353000,301.0,264.0,247.0,293.0,False,HYPERSOFT,9.0,False,Haas F1 Team,0 days 01:43:53.475000,2018-09-14 09:58:53.590,1,,False,,False,True,107.878,107.878
273,0 days 01:47:55.693000,MAG,20,0 days 00:02:14.340000,20.0,3.0,,0 days 01:47:47.689000,31.951,50.532,51.857,0 days 01:46:13.304000,0 days 01:47:03.836000,0 days 01:47:55.693000,198.0,172.0,,292.0,False,HYPERSOFT,10.0,False,Haas F1 Team,0 days 01:45:41.353000,2018-09-14 10:00:41.468,1,,False,,False,False,134.34,134.34
274,0 days 00:19:12.141000,HUL,27,,1.0,,0 days 00:16:44.697000,0 days 00:19:04.245000,,49.566,49.516,,0 days 00:18:22.625000,0 days 00:19:12.206000,198.0,247.0,,,False,nan,,True,Renault,0 days 00:16:44.697000,2018-09-14 08:31:44.812,1,,False,,False,False,,
275,0 days 00:22:13.023000,HUL,27,,2.0,1.0,0 days 00:19:56.804000,0 days 00:22:05.193000,88.74,45.232,46.915,0 days 00:20:40.885000,0 days 00:21:26.108000,0 days 00:22:13.118000,198.0,243.0,,,False,SOFT,2.0,False,Renault,0 days 00:19:12.141000,2018-09-14 08:34:12.256,12,,False,,False,False,,180.88699999999997
276,0 days 00:36:08.554000,HUL,27,,3.0,2.0,0 days 00:33:56.199000,,,46.73,43.767,,0 days 00:35:27.626000,0 days 00:36:08.628000,275.0,246.0,249.0,,False,SOFT,3.0,False,Renault,0 days 00:22:13.023000,2018-09-14 08:37:13.138,12,,False,,False,False,,
277,0 days 00:37:54.991000,HUL,27,0 days 00:01:46.437000,4.0,2.0,,,28.658,41.595,36.184,0 days 00:36:37.212000,0 days 00:37:18.807000,0 days 00:37:54.991000,303.0,267.0,255.0,295.0,True,SOFT,4.0,False,Renault,0 days 00:36:08.554000,2018-09-14 08:51:08.669,1,,False,,False,True,106.437,106.437
278,0 days 00:39:39.273000,HUL,27,0 days 00:01:44.282000,5.0,2.0,,,28.23,40.496,35.556,0 days 00:38:23.221000,0 days 00:39:03.717000,0 days 00:39:39.273000,300.0,267.0,253.0,296.0,True,SOFT,5.0,False,Renault,0 days 00:37:54.991000,2018-09-14 08:52:55.106,1,,False,,False,True,104.282,104.282
279,0 days 00:41:49.919000,HUL,27,0 days 00:02:10.646000,6.0,2.0,,,36.329,50.537,43.78,0 days 00:40:15.602000,0 days 00:41:06.139000,0 days 00:41:49.919000,207.0,216.0,252.0,223.0,False,SOFT,6.0,False,Renault,0 days 00:39:39.273000,2018-09-14 08:54:39.388,1,,False,,False,True,130.646,130.64600000000002
280,0 days 00:43:34.656000,HUL,27,0 days 00:01:44.737000,7.0,2.0,,,28.353,40.495,35.889,0 days 00:42:18.272000,0 days 00:42:58.767000,0 days 00:43:34.656000,301.0,268.0,251.0,295.0,False,SOFT,7.0,False,Renault,0 days 00:41:49.919000,2018-09-14 08:56:50.034,1,,False,,False,True,104.737,104.737
281,0 days 00:45:37.804000,HUL,27,0 days 00:02:03.148000,8.0,2.0,,,36.409,46.047,40.692,0 days 00:44:11.065000,0 days 00:44:57.112000,0 days 00:45:37.804000,210.0,260.0,255.0,201.0,False,SOFT,8.0,False,Renault,0 days 00:43:34.656000,2018-09-14 08:58:34.771,1,,False,,False,True,123.148,123.148
282,0 days 00:47:20.842000,HUL,27,0 days 00:01:43.038000,9.0,2.0,,,27.882,39.992,35.164,0 days 00:46:05.686000,0 days 00:46:45.678000,0 days 00:47:20.842000,303.0,270.0,253.0,297.0,True,SOFT,9.0,False,Renault,0 days 00:45:37.804000,2018-09-14 09:00:37.919,1,,False,,False,True,103.038,103.038
283,0 days 00:49:24.376000,HUL,27,0 days 00:02:03.534000,10.0,2.0,,,33.398,47.265,42.871,0 days 00:47:54.240000,0 days 00:48:41.505000,0 days 00:49:24.376000,223.0,259.0,255.0,236.0,False,SOFT,10.0,False,Renault,0 days 00:47:20.842000,2018-09-14 09:02:20.957,1,,False,,False,True,123.534,123.53400000000002
284,0 days 00:51:07.716000,HUL,27,0 days 00:01:43.340000,11.0,2.0,,,28.059,39.877,35.404,0 days 00:49:52.435000,0 days 00:50:32.312000,0 days 00:51:07.716000,302.0,269.0,255.0,297.0,False,SOFT,11.0,False,Renault,0 days 00:49:24.376000,2018-09-14 09:04:24.491,1,,False,,False,True,103.34,103.34
285,0 days 00:53:17.931000,HUL,27,0 days 00:02:10.215000,12.0,2.0,,0 days 00:53:09.913000,35.112,47.027,48.076,0 days 00:51:42.828000,0 days 00:52:29.855000,0 days 00:53:17.931000,198.0,257.0,,248.0,False,SOFT,12.0,False,Renault,0 days 00:51:07.716000,2018-09-14 09:06:07.831,12,,False,,False,False,130.215,130.215
286,0 days 01:09:19.619000,HUL,27,,13.0,3.0,0 days 01:07:06.364000,,,47.016,41.493,,0 days 01:08:38.130000,0 days 01:09:19.695000,256.0,258.0,256.0,248.0,False,HYPERSOFT,1.0,True,Renault,0 days 00:53:17.931000,2018-09-14 09:08:18.046,1,,False,,False,False,,
287,0 days 01:11:01.251000,HUL,27,0 days 00:01:41.632000,14.0,3.0,,,27.663,39.121,34.848,0 days 01:09:47.282000,0 days 01:10:26.403000,0 days 01:11:01.251000,300.0,270.0,258.0,297.0,True,HYPERSOFT,2.0,True,Renault,0 days 01:09:19.619000,2018-09-14 09:24:19.734,1,,False,,False,True,101.632,101.632
288,0 days 01:13:09.944000,HUL,27,0 days 00:02:08.693000,15.0,3.0,,,36.823,48.683,43.187,0 days 01:11:38.074000,0 days 01:12:26.757000,0 days 01:13:09.944000,242.0,226.0,254.0,252.0,False,HYPERSOFT,3.0,True,Renault,0 days 01:11:01.251000,2018-09-14 09:26:01.366,1,,False,,False,True,128.693,128.69299999999998
289,0 days 01:14:51.413000,HUL,27,0 days 00:01:41.469000,16.0,3.0,,,27.648,39.114,34.707,0 days 01:13:37.592000,0 days 01:14:16.706000,0 days 01:14:51.413000,300.0,268.0,257.0,296.0,True,HYPERSOFT,4.0,True,Renault,0 days 01:13:09.944000,2018-09-14 09:28:10.059,1,,False,,False,True,101.469,101.469
290,0 days 01:17:03.328000,HUL,27,0 days 00:02:11.915000,17.0,3.0,,,36.575,51.018,44.322,0 days 01:15:27.988000,0 days 01:16:19.006000,0 days 01:17:03.328000,215.0,243.0,257.0,228.0,False,HYPERSOFT,5.0,True,Renault,0 days 01:14:51.413000,2018-09-14 09:29:51.528,1,,False,,False,True,131.915,131.91500000000002
291,0 days 01:18:44.433000,HUL,27,0 days 00:01:41.105000,18.0,3.0,,,27.579,39.039,34.487,0 days 01:17:30.907000,0 days 01:18:09.946000,0 days 01:18:44.433000,298.0,268.0,258.0,296.0,True,HYPERSOFT,6.0,True,Renault,0 days 01:17:03.328000,2018-09-14 09:32:03.443,12,,False,,False,True,101.105,101.10499999999999
292,0 days 01:20:51.416000,HUL,27,0 days 00:02:06.983000,19.0,3.0,,0 days 01:20:43.489000,33.065,45.3,48.618,0 days 01:19:17.498000,0 days 01:20:02.798000,0 days 01:20:51.416000,266.0,229.0,,218.0,False,HYPERSOFT,7.0,True,Renault,0 days 01:18:44.433000,2018-09-14 09:33:44.548,21,,False,,False,False,126.983,126.983
293,0 days 01:36:37.484000,HUL,27,,20.0,4.0,0 days 01:34:35.471000,,,43.383,37.288,,0 days 01:36:00.212000,0 days 01:36:37.575000,288.0,267.0,248.0,218.0,False,HYPERSOFT,8.0,False,Renault,0 days 01:20:51.416000,2018-09-14 09:35:51.531,1,,False,,False,False,,
294,0 days 01:38:23.467000,HUL,27,0 days 00:01:45.983000,21.0,4.0,,,28.696,40.909,36.378,0 days 01:37:06.180000,0 days 01:37:47.089000,0 days 01:38:23.467000,288.0,264.0,249.0,284.0,False,HYPERSOFT,9.0,False,Renault,0 days 01:36:37.484000,2018-09-14 09:51:37.599,1,,False,,False,True,105.983,105.983
295,0 days 01:40:09.118000,HUL,27,0 days 00:01:45.651000,22.0,4.0,,,28.779,40.779,36.093,0 days 01:38:52.246000,0 days 01:39:33.025000,0 days 01:40:09.118000,286.0,263.0,249.0,281.0,False,HYPERSOFT,10.0,False,Renault,0 days 01:38:23.467000,2018-09-14 09:53:23.582,1,,False,,False,True,105.651,105.65100000000001
296,0 days 01:41:54.374000,HUL,27,0 days 00:01:45.256000,23.0,4.0,,,28.626,40.609,36.021,0 days 01:40:37.744000,0 days 01:41:18.353000,0 days 01:41:54.374000,285.0,264.0,251.0,283.0,False,HYPERSOFT,11.0,False,Renault,0 days 01:40:09.118000,2018-09-14 09:55:09.233,12,,False,,False,True,105.256,105.256
297,0 days 01:43:45.389000,HUL,27,0 days 00:01:51.015000,24.0,4.0,,,28.59,42.805,39.62,0 days 01:42:22.964000,0 days 01:43:05.769000,0 days 01:43:45.389000,293.0,258.0,248.0,285.0,False,HYPERSOFT,12.0,False,Renault,0 days 01:41:54.374000,2018-09-14 09:56:54.489,1,,False,,False,True,111.015,111.01499999999999
298,0 days 01:45:30.955000,HUL,27,0 days 00:01:45.566000,25.0,4.0,,,28.606,40.828,36.132,0 days 01:44:13.995000,0 days 01:44:54.823000,0 days 01:45:30.955000,295.0,267.0,251.0,286.0,False,HYPERSOFT,13.0,False,Renault,0 days 01:43:45.389000,2018-09-14 09:58:45.504,1,,False,,False,True,105.566,105.566
299,0 days 01:47:36.749000,HUL,27,0 days 00:02:05.794000,26.0,4.0,,0 days 01:47:28.917000,31.575,43.586,50.633,0 days 01:46:02.530000,0 days 01:46:46.116000,0 days 01:47:36.749000,278.0,244.0,,235.0,False,HYPERSOFT,14.0,False,Renault,0 days 01:45:30.955000,2018-09-14 10:00:31.070,1,,False,,False,False,125.794,125.79400000000001
300,0 days 00:17:58.145000,HAR,28,,1.0,,0 days 00:15:37.980000,0 days 00:17:50.324000,,52.713,50.619,,0 days 00:17:07.526000,0 days 00:17:58.247000,199.0,233.0,,,False,nan,,True,Toro Rosso,0 days 00:15:37.980000,2018-09-14 08:30:38.095,1,,False,,False,False,,
301,0 days 00:30:42.410000,HAR,28,,2.0,1.0,0 days 00:28:40.501000,,,47.227,41.918,,0 days 00:30:00.525000,0 days 00:30:43.889000,269.0,250.0,240.0,,False,ULTRASOFT,2.0,False,Toro Rosso,0 days 00:17:58.145000,2018-09-14 08:32:58.260,12,,False,,False,False,,
302,0 days 00:32:30.103000,HAR,28,0 days 00:01:47.693000,3.0,1.0,,,29.264,41.835,36.594,0 days 00:31:11.674000,0 days 00:31:53.509000,0 days 00:32:30.103000,295.0,262.0,237.0,290.0,True,ULTRASOFT,3.0,False,Toro Rosso,0 days 00:30:42.410000,2018-09-14 08:45:42.525,1,,False,,False,True,107.693,107.69300000000001
303,0 days 00:34:45.681000,HAR,28,0 days 00:02:15.578000,4.0,1.0,,,35.02,53.958,46.6,0 days 00:33:05.123000,0 days 00:33:59.081000,0 days 00:34:45.681000,259.0,237.0,245.0,269.0,False,ULTRASOFT,4.0,False,Toro Rosso,0 days 00:32:30.103000,2018-09-14 08:47:30.218,1,,False,,False,True,135.578,135.578
304,0 days 00:36:32.694000,HAR,28,0 days 00:01:47.013000,5.0,1.0,,,28.707,41.194,37.112,0 days 00:35:14.388000,0 days 00:35:55.582000,0 days 00:36:32.694000,298.0,266.0,238.0,291.0,True,ULTRASOFT,5.0,False,Toro Rosso,0 days 00:34:45.681000,2018-09-14 08:49:45.796,12,,False,,False,True,107.013,107.013
305,0 days 00:38:44.531000,HAR,28,0 days 00:02:11.837000,6.0,1.0,,,36.302,52.283,43.252,0 days 00:37:08.996000,0 days 00:38:01.279000,0 days 00:38:44.531000,257.0,239.0,246.0,205.0,False,ULTRASOFT,6.0,False,Toro Rosso,0 days 00:36:32.694000,2018-09-14 08:51:32.809,1,,False,,False,True,131.837,131.83700000000002
306,0 days 00:40:53.933000,HAR,28,0 days 00:02:09.402000,7.0,1.0,,,34.873,52.125,42.404,0 days 00:39:19.404000,0 days 00:40:11.529000,0 days 00:40:53.933000,258.0,255.0,246.0,293.0,False,ULTRASOFT,7.0,False,Toro Rosso,0 days 00:38:44.531000,2018-09-14 08:53:44.646,1,,False,,False,True,129.402,129.402
307,0 days 00:42:39.635000,HAR,28,0 days 00:01:45.702000,8.0,1.0,,,28.528,40.872,36.302,0 days 00:41:22.461000,0 days 00:42:03.333000,0 days 00:42:39.635000,300.0,266.0,243.0,293.0,True,ULTRASOFT,8.0,False,Toro Rosso,0 days 00:40:53.933000,2018-09-14 08:55:54.048,1,,False,,False,True,105.702,105.702
308,0 days 00:44:53.833000,HAR,28,0 days 00:02:14.198000,9.0,1.0,,,35.201,50.725,48.272,0 days 00:43:14.836000,0 days 00:44:05.561000,0 days 00:44:53.833000,262.0,239.0,246.0,283.0,False,ULTRASOFT,9.0,False,Toro Rosso,0 days 00:42:39.635000,2018-09-14 08:57:39.750,1,,False,,False,True,134.198,134.198
309,0 days 00:46:38.658000,HAR,28,0 days 00:01:44.825000,10.0,1.0,,,28.417,40.649,35.759,0 days 00:45:22.250000,0 days 00:46:02.899000,0 days 00:46:38.658000,297.0,266.0,248.0,292.0,True,ULTRASOFT,10.0,False,Toro Rosso,0 days 00:44:53.833000,2018-09-14 08:59:53.948,1,,False,,False,True,104.825,104.825
310,0 days 00:48:48.294000,HAR,28,0 days 00:02:09.636000,11.0,1.0,,,32.846,51.503,45.287,0 days 00:47:11.504000,0 days 00:48:03.007000,0 days 00:48:48.294000,264.0,237.0,247.0,288.0,False,ULTRASOFT,11.0,False,Toro Rosso,0 days 00:46:38.658000,2018-09-14 09:01:38.773,1,,False,,False,True,129.636,129.636
311,0 days 00:50:44.365000,HAR,28,0 days 00:01:56.071000,12.0,1.0,,,28.402,43.083,44.586,0 days 00:49:16.696000,0 days 00:49:59.779000,0 days 00:50:44.365000,299.0,243.0,249.0,293.0,False,ULTRASOFT,12.0,False,Toro Rosso,0 days 00:48:48.294000,2018-09-14 09:03:48.409,1,,False,,False,True,116.071,116.071
312,0 days 00:52:28.681000,HAR,28,0 days 00:01:44.316000,13.0,1.0,,,28.039,40.052,36.225,0 days 00:51:12.404000,0 days 00:51:52.456000,0 days 00:52:28.681000,302.0,265.0,238.0,297.0,True,ULTRASOFT,13.0,False,Toro Rosso,0 days 00:50:44.365000,2018-09-14 09:05:44.480,1,,False,,False,True,104.316,104.316
313,0 days 00:54:41.189000,HAR,28,0 days 00:02:12.508000,14.0,1.0,,0 days 00:54:33.780000,35.308,46.587,50.613,0 days 00:53:03.989000,0 days 00:53:50.576000,0 days 00:54:41.189000,261.0,241.0,,233.0,False,ULTRASOFT,14.0,False,Toro Rosso,0 days 00:52:28.681000,2018-09-14 09:07:28.796,12,,False,,False,False,132.508,132.508
314,0 days 01:08:34.754000,HAR,28,,15.0,2.0,0 days 01:06:30.724000,,,49.284,43.15,,0 days 01:07:51.610000,0 days 01:08:34.831000,263.0,236.0,248.0,233.0,False,ULTRASOFT,1.0,True,Toro Rosso,0 days 00:54:41.189000,2018-09-14 09:09:41.304,1,,False,,False,False,,
315,0 days 01:10:18.409000,HAR,28,0 days 00:01:43.655000,16.0,2.0,,,28.125,40.042,35.488,0 days 01:09:02.879000,0 days 01:09:42.921000,0 days 01:10:18.409000,297.0,264.0,245.0,292.0,True,ULTRASOFT,2.0,True,Toro Rosso,0 days 01:08:34.754000,2018-09-14 09:23:34.869,1,,False,,False,True,103.655,103.655
316,0 days 01:12:28.994000,HAR,28,0 days 00:02:10.585000,17.0,2.0,,,35.658,51.726,43.201,0 days 01:10:54.067000,0 days 01:11:45.793000,0 days 01:12:28.994000,258.0,236.0,248.0,247.0,False,ULTRASOFT,3.0,True,Toro Rosso,0 days 01:10:18.409000,2018-09-14 09:25:18.524,1,,False,,False,True,130.585,130.585
317,0 days 01:14:23.495000,HAR,28,0 days 00:01:54.501000,18.0,2.0,,,28.215,44.803,41.483,0 days 01:12:57.209000,0 days 01:13:42.012000,0 days 01:14:23.495000,300.0,238.0,247.0,294.0,False,ULTRASOFT,4.0,True,Toro Rosso,0 days 01:12:28.994000,2018-09-14 09:27:29.109,1,,False,,False,True,114.501,114.501
318,0 days 01:16:29.078000,HAR,28,0 days 00:02:05.583000,19.0,2.0,,,31.544,48.318,45.721,0 days 01:14:55.039000,0 days 01:15:43.357000,0 days 01:16:29.078000,262.0,253.0,240.0,293.0,False,ULTRASOFT,5.0,True,Toro Rosso,0 days 01:14:23.495000,2018-09-14 09:29:23.610,1,,False,,False,True,125.583,125.583
319,0 days 01:18:12.563000,HAR,28,0 days 00:01:43.485000,20.0,2.0,,,28.126,39.928,35.431,0 days 01:16:57.204000,0 days 01:17:37.132000,0 days 01:18:12.563000,298.0,265.0,250.0,291.0,True,ULTRASOFT,6.0,True,Toro Rosso,0 days 01:16:29.078000,2018-09-14 09:31:29.193,1,,False,,False,True,103.485,103.485
320,0 days 01:20:17.385000,HAR,28,0 days 00:02:04.822000,21.0,2.0,,,33.817,50.876,40.129,0 days 01:18:46.380000,0 days 01:19:37.256000,0 days 01:20:17.385000,260.0,256.0,247.0,281.0,False,ULTRASOFT,7.0,True,Toro Rosso,0 days 01:18:12.563000,2018-09-14 09:33:12.678,12,,False,,False,True,124.822,124.822
321,0 days 01:22:07.216000,HAR,28,0 days 00:01:49.831000,22.0,2.0,,,28.889,43.222,37.72,0 days 01:20:46.274000,0 days 01:21:29.496000,0 days 01:22:07.216000,284.0,261.0,250.0,270.0,False,ULTRASOFT,8.0,True,Toro Rosso,0 days 01:20:17.385000,2018-09-14 09:35:17.500,21,,False,,False,True,109.831,109.831
322,0 days 01:24:36.729000,HAR,28,0 days 00:02:29.513000,23.0,2.0,,0 days 01:24:29.166000,33.971,60.357,55.185,0 days 01:22:41.187000,0 days 01:23:41.544000,0 days 01:24:36.729000,198.0,202.0,,277.0,False,ULTRASOFT,9.0,True,Toro Rosso,0 days 01:22:07.216000,2018-09-14 09:37:07.331,1,,False,,False,False,149.513,149.513
323,0 days 01:36:41.826000,HAR,28,,24.0,3.0,0 days 01:34:24.397000,,,51.101,42.369,,0 days 01:35:59.478000,0 days 01:36:42.013000,234.0,250.0,232.0,277.0,False,ULTRASOFT,10.0,False,Toro Rosso,0 days 01:24:36.729000,2018-09-14 09:39:36.844,1,,False,,False,False,,
324,0 days 01:38:39.843000,HAR,28,0 days 00:01:58.017000,25.0,3.0,,,31.922,46.741,39.354,0 days 01:37:13.748000,0 days 01:38:00.489000,0 days 01:38:39.843000,182.0,250.0,248.0,270.0,False,ULTRASOFT,11.0,False,Toro Rosso,0 days 01:36:41.826000,2018-09-14 09:51:41.941,1,,False,,False,True,118.017,118.017
325,0 days 01:40:24.304000,HAR,28,0 days 00:01:44.461000,26.0,3.0,,,28.207,40.367,35.887,0 days 01:39:08.050000,0 days 01:39:48.417000,0 days 01:40:24.304000,297.0,264.0,246.0,292.0,False,ULTRASOFT,12.0,False,Toro Rosso,0 days 01:38:39.843000,2018-09-14 09:53:39.958,1,,False,,False,True,104.461,104.461
326,0 days 01:42:27.862000,HAR,28,0 days 00:02:03.558000,27.0,3.0,,,33.567,51.038,38.953,0 days 01:40:57.871000,0 days 01:41:48.909000,0 days 01:42:27.862000,260.0,241.0,246.0,280.0,False,ULTRASOFT,13.0,False,Toro Rosso,0 days 01:40:24.304000,2018-09-14 09:55:24.419,12,,False,,False,True,123.558,123.55799999999999
327,0 days 01:44:12.750000,HAR,28,0 days 00:01:44.888000,28.0,3.0,,,28.302,40.577,36.009,0 days 01:42:56.164000,0 days 01:43:36.741000,0 days 01:44:12.750000,297.0,264.0,248.0,291.0,False,ULTRASOFT,14.0,False,Toro Rosso,0 days 01:42:27.862000,2018-09-14 09:57:27.977,1,,False,,False,True,104.888,104.88799999999999
328,0 days 01:46:22.585000,HAR,28,0 days 00:02:09.835000,29.0,3.0,,,36.963,52.644,40.228,0 days 01:44:49.713000,0 days 01:45:42.357000,0 days 01:46:22.585000,112.0,237.0,222.0,215.0,False,ULTRASOFT,15.0,False,Toro Rosso,0 days 01:44:12.750000,2018-09-14 09:59:12.865,1,,False,,False,True,129.835,129.835
329,0 days 01:48:34.154000,HAR,28,0 days 00:02:11.569000,30.0,3.0,,0 days 01:48:26.427000,33.477,49.412,48.68,0 days 01:46:56.062000,0 days 01:47:45.474000,0 days 01:48:34.154000,246.0,250.0,,257.0,False,ULTRASOFT,16.0,False,Toro Rosso,0 days 01:46:22.585000,2018-09-14 10:01:22.700,1,,False,,False,False,131.569,131.569
330,0 days 00:19:40.883000,OCO,31,,1.0,,0 days 00:17:27.390000,0 days 00:19:32.957000,,48.145,51.004,,0 days 00:18:49.879000,0 days 00:19:41.021000,261.0,255.0,,,False,nan,,True,Racing Point,0 days 00:17:27.390000,2018-09-14 08:32:27.505,1,,False,,False,False,,
331,0 days 00:38:19.725000,OCO,31,,2.0,1.0,0 days 00:36:01.722000,,,51.493,53.682,,0 days 00:37:26.057000,0 days 00:38:19.804000,266.0,245.0,249.0,,False,HYPERSOFT,2.0,False,Racing Point,0 days 00:19:40.883000,2018-09-14 08:34:40.998,12,,False,,False,False,,
332,0 days 00:40:05.583000,OCO,31,0 days 00:01:45.858000,3.0,1.0,,,28.36,41.006,36.492,0 days 00:38:48.085000,0 days 00:39:29.091000,0 days 00:40:05.583000,309.0,272.0,251.0,301.0,True,HYPERSOFT,3.0,False,Racing Point,0 days 00:38:19.725000,2018-09-14 08:53:19.840,1,,False,,False,True,105.858,105.858
333,0 days 00:42:19.338000,OCO,31,0 days 00:02:13.755000,4.0,1.0,,,37.504,54.255,41.996,0 days 00:40:43.087000,0 days 00:41:37.342000,0 days 00:42:19.338000,185.0,224.0,249.0,237.0,False,HYPERSOFT,4.0,False,Racing Point,0 days 00:40:05.583000,2018-09-14 08:55:05.698,1,,False,,False,True,133.755,133.755
334,0 days 00:44:03.058000,OCO,31,0 days 00:01:43.720000,5.0,1.0,,,27.953,40.061,35.706,0 days 00:42:47.291000,0 days 00:43:27.352000,0 days 00:44:03.058000,311.0,273.0,255.0,300.0,True,HYPERSOFT,5.0,False,Racing Point,0 days 00:42:19.338000,2018-09-14 08:57:19.453,1,,False,,False,True,103.72,103.72
335,0 days 00:46:33.622000,OCO,31,,6.0,1.0,,,42.687,56.095,51.763,0 days 00:44:45.779000,0 days 00:45:42.117000,0 days 00:46:33.695000,108.0,199.0,249.0,273.0,False,HYPERSOFT,6.0,False,Racing Point,0 days 00:44:03.058000,2018-09-14 08:59:03.173,1,,False,,False,False,,150.545
336,0 days 00:48:17.497000,OCO,31,0 days 00:01:43.875000,7.0,1.0,,,27.841,39.93,36.104,0 days 00:47:01.463000,0 days 00:47:41.393000,0 days 00:48:17.497000,308.0,273.0,252.0,298.0,False,HYPERSOFT,7.0,False,Racing Point,0 days 00:46:33.622000,2018-09-14 09:01:33.737,1,,False,,False,True,103.875,103.875
337,0 days 00:50:52.561000,OCO,31,,8.0,1.0,,,41.409,62.742,50.942,0 days 00:48:58.925000,0 days 00:50:01.649000,0 days 00:50:52.637000,155.0,125.0,251.0,239.0,False,HYPERSOFT,8.0,False,Racing Point,0 days 00:48:17.497000,2018-09-14 09:03:17.612,1,,False,,False,False,,155.093
338,0 days 00:52:35.738000,OCO,31,0 days 00:01:43.177000,9.0,1.0,,,27.816,39.838,35.523,0 days 00:51:20.377000,0 days 00:52:00.215000,0 days 00:52:35.738000,308.0,273.0,253.0,300.0,True,HYPERSOFT,9.0,False,Racing Point,0 days 00:50:52.561000,2018-09-14 09:05:52.676,1,,False,,False,True,103.177,103.17699999999999
339,0 days 00:54:43.069000,OCO,31,0 days 00:02:07.331000,10.0,1.0,,0 days 00:54:34.826000,31.845,47.694,47.792,0 days 00:53:07.583000,0 days 00:53:55.277000,0 days 00:54:43.069000,247.0,199.0,,263.0,False,HYPERSOFT,10.0,False,Racing Point,0 days 00:52:35.738000,2018-09-14 09:07:35.853,12,,False,,False,False,127.331,127.331
340,0 days 01:13:30.532000,OCO,31,,11.0,2.0,0 days 01:11:33.053000,,,45.625,40.572,,0 days 01:12:49.977000,0 days 01:13:30.621000,290.0,258.0,254.0,263.0,False,SOFT,1.0,True,Racing Point,0 days 00:54:43.069000,2018-09-14 09:09:43.184,1,,False,,False,False,,
341,0 days 01:15:32.219000,OCO,31,0 days 00:02:01.687000,12.0,2.0,,,30.487,48.827,42.373,0 days 01:14:01.019000,0 days 01:14:49.846000,0 days 01:15:32.219000,281.0,256.0,252.0,302.0,False,SOFT,2.0,True,Racing Point,0 days 01:13:30.532000,2018-09-14 09:28:30.647,1,,False,,False,True,121.687,121.68699999999998
342,0 days 01:17:16.932000,OCO,31,0 days 00:01:44.713000,13.0,2.0,,,28.071,40.529,36.113,0 days 01:16:00.290000,0 days 01:16:40.819000,0 days 01:17:16.932000,312.0,274.0,253.0,300.0,False,SOFT,3.0,True,Racing Point,0 days 01:15:32.219000,2018-09-14 09:30:32.334,1,,False,,False,True,104.713,104.71300000000001
343,0 days 01:19:35.979000,OCO,31,0 days 00:02:19.047000,14.0,2.0,,,36.158,55.722,47.167,0 days 01:17:53.090000,0 days 01:18:48.812000,0 days 01:19:35.979000,146.0,240.0,251.0,284.0,False,SOFT,4.0,True,Racing Point,0 days 01:17:16.932000,2018-09-14 09:32:17.047,12,,False,,False,True,139.047,139.047
344,0 days 01:21:20.046000,OCO,31,0 days 00:01:44.067000,15.0,2.0,,,28.058,40.361,35.648,0 days 01:20:04.037000,0 days 01:20:44.398000,0 days 01:21:20.046000,311.0,271.0,253.0,300.0,False,SOFT,5.0,True,Racing Point,0 days 01:19:35.979000,2018-09-14 09:34:36.094,12,,False,,False,True,104.067,104.06700000000001
345,0 days 01:23:34.558000,OCO,31,0 days 00:02:14.512000,16.0,2.0,,,36.918,51.963,45.631,0 days 01:21:56.964000,0 days 01:22:48.927000,0 days 01:23:34.558000,153.0,249.0,253.0,252.0,False,SOFT,6.0,True,Racing Point,0 days 01:21:20.046000,2018-09-14 09:36:20.161,1,,False,,False,True,134.512,134.512
346,0 days 01:25:18.324000,OCO,31,0 days 00:01:43.766000,17.0,2.0,,,28.008,40.13,35.628,0 days 01:24:02.566000,0 days 01:24:42.696000,0 days 01:25:18.324000,309.0,273.0,254.0,300.0,False,SOFT,7.0,True,Racing Point,0 days 01:23:34.558000,2018-09-14 09:38:34.673,1,,False,,False,True,103.766,103.766
347,0 days 01:27:21.638000,OCO,31,0 days 00:02:03.314000,18.0,2.0,,0 days 01:27:13.954000,31.001,45.436,46.877,0 days 01:25:49.325000,0 days 01:26:34.761000,0 days 01:27:21.638000,277.0,199.0,,278.0,False,SOFT,8.0,True,Racing Point,0 days 01:25:18.324000,2018-09-14 09:40:18.439,1,,False,,False,False,123.314,123.314
348,0 days 01:37:01.093000,OCO,31,,19.0,3.0,0 days 01:34:49.847000,,,44.298,39.409,,0 days 01:36:21.986000,0 days 01:37:01.859000,281.0,254.0,244.0,278.0,False,SOFT,9.0,False,Racing Point,0 days 01:27:21.638000,2018-09-14 09:42:21.753,1,,False,,False,False,,
349,0 days 01:38:51.389000,OCO,31,0 days 00:01:50.296000,20.0,3.0,,,29.151,43.567,37.578,0 days 01:37:30.244000,0 days 01:38:13.811000,0 days 01:38:51.389000,296.0,268.0,243.0,287.0,False,SOFT,10.0,False,Racing Point,0 days 01:37:01.093000,2018-09-14 09:52:01.208,1,,False,,False,True,110.296,110.296
350,0 days 01:40:39.465000,OCO,31,0 days 00:01:48.076000,21.0,3.0,,,29.626,41.707,36.743,0 days 01:39:21.015000,0 days 01:40:02.722000,0 days 01:40:39.465000,290.0,267.0,247.0,289.0,False,SOFT,11.0,False,Racing Point,0 days 01:38:51.389000,2018-09-14 09:53:51.504,1,,False,,False,True,108.076,108.076
351,0 days 01:42:33.336000,OCO,31,0 days 00:01:53.871000,22.0,3.0,,,29.368,42.399,42.104,0 days 01:41:08.833000,0 days 01:41:51.232000,0 days 01:42:33.336000,283.0,264.0,244.0,283.0,False,SOFT,12.0,False,Racing Point,0 days 01:40:39.465000,2018-09-14 09:55:39.580,12,,False,,False,True,113.871,113.871
352,0 days 01:44:20.954000,OCO,31,0 days 00:01:47.618000,23.0,3.0,,,29.326,41.478,36.814,0 days 01:43:02.662000,0 days 01:43:44.140000,0 days 01:44:20.954000,283.0,262.0,247.0,281.0,False,SOFT,13.0,False,Racing Point,0 days 01:42:33.336000,2018-09-14 09:57:33.451,1,,False,,False,True,107.618,107.618
353,0 days 01:46:08.479000,OCO,31,0 days 00:01:47.525000,24.0,3.0,,,29.268,41.597,36.66,0 days 01:44:50.222000,0 days 01:45:31.819000,0 days 01:46:08.479000,288.0,264.0,249.0,284.0,False,SOFT,14.0,False,Racing Point,0 days 01:44:20.954000,2018-09-14 09:59:21.069,1,,False,,False,True,107.525,107.525
354,0 days 01:48:09.602000,OCO,31,0 days 00:02:01.123000,25.0,3.0,,0 days 01:48:01.893000,29.277,45.385,46.461,0 days 01:46:37.756000,0 days 01:47:23.141000,0 days 01:48:09.602000,287.0,199.0,,285.0,False,SOFT,15.0,False,Racing Point,0 days 01:46:08.479000,2018-09-14 10:01:08.594,1,,False,,False,False,121.123,121.123
355,0 days 00:22:41.271000,VER,33,,1.0,1.0,0 days 00:20:23.869000,,,48.146,41.615,,0 days 00:21:59.674000,0 days 00:22:41.470000,273.0,247.0,251.0,,False,SOFT,1.0,True,Red Bull Racing,0 days 00:20:23.869000,2018-09-14 08:35:23.984,12,,False,,False,False,,
356,0 days 00:24:37.309000,VER,33,0 days 00:01:56.038000,2.0,1.0,,,31.531,45.138,39.369,0 days 00:23:12.802000,0 days 00:23:57.940000,0 days 00:24:37.309000,286.0,248.0,255.0,298.0,True,SOFT,2.0,True,Red Bull Racing,0 days 00:22:41.271000,2018-09-14 08:37:41.386,1,,False,,False,True,116.038,116.038
357,0 days 00:26:22.060000,VER,33,0 days 00:01:44.751000,3.0,1.0,,,28.687,40.258,35.806,0 days 00:25:05.996000,0 days 00:25:46.254000,0 days 00:26:22.060000,301.0,269.0,251.0,299.0,True,SOFT,3.0,True,Red Bull Racing,0 days 00:24:37.309000,2018-09-14 08:39:37.424,1,,False,,False,True,104.751,104.751
358,0 days 00:28:28.406000,VER,33,0 days 00:02:06.346000,4.0,1.0,,,35.757,49.149,41.44,0 days 00:26:57.817000,0 days 00:27:46.966000,0 days 00:28:28.406000,227.0,247.0,254.0,267.0,False,SOFT,4.0,True,Red Bull Racing,0 days 00:26:22.060000,2018-09-14 08:41:22.175,1,,False,,False,True,126.346,126.346
359,0 days 00:30:12.270000,VER,33,0 days 00:01:43.864000,5.0,1.0,,,28.123,40.136,35.605,0 days 00:28:56.529000,0 days 00:29:36.665000,0 days 00:30:12.270000,302.0,270.0,256.0,298.0,True,SOFT,5.0,True,Red Bull Racing,0 days 00:28:28.406000,2018-09-14 08:43:28.521,12,,False,,False,True,103.864,103.864
360,0 days 00:32:14.514000,VER,33,0 days 00:02:02.244000,6.0,1.0,,0 days 00:32:06.782000,30.066,42.41,49.768,0 days 00:30:42.336000,0 days 00:31:24.746000,0 days 00:32:14.514000,304.0,266.0,,280.0,False,SOFT,6.0,True,Red Bull Racing,0 days 00:30:12.270000,2018-09-14 08:45:12.385,1,,False,,False,False,122.244,122.244
361,0 days 00:41:58.159000,VER,33,,7.0,2.0,0 days 00:39:47.148000,,,45.764,39.704,,0 days 00:41:18.481000,0 days 00:41:58.265000,272.0,243.0,252.0,280.0,False,SOFT,7.0,False,Red Bull Racing,0 days 00:32:14.514000,2018-09-14 08:47:14.629,12,,False,,False,False,,
362,0 days 00:43:40.993000,VER,33,0 days 00:01:42.834000,8.0,2.0,,,27.92,39.782,35.132,0 days 00:42:26.079000,0 days 00:43:05.861000,0 days 00:43:40.993000,304.0,268.0,253.0,298.0,True,SOFT,8.0,False,Red Bull Racing,0 days 00:41:58.159000,2018-09-14 08:56:58.274,1,,False,,False,True,102.834,102.834
363,0 days 00:45:44.595000,VER,33,0 days 00:02:03.602000,9.0,2.0,,,31.822,45.023,46.757,0 days 00:44:12.815000,0 days 00:44:57.838000,0 days 00:45:44.595000,230.0,254.0,254.0,276.0,False,SOFT,9.0,False,Red Bull Racing,0 days 00:43:40.993000,2018-09-14 08:58:41.108,1,,False,,False,True,123.602,123.602
364,0 days 00:47:26.938000,VER,33,0 days 00:01:42.343000,10.0,2.0,,,27.902,39.377,35.064,0 days 00:46:12.497000,0 days 00:46:51.874000,0 days 00:47:26.938000,306.0,271.0,237.0,299.0,True,SOFT,10.0,False,Red Bull Racing,0 days 00:45:44.595000,2018-09-14 09:00:44.710,1,,False,,False,True,102.343,102.34299999999999
365,0 days 00:49:33.808000,VER,33,0 days 00:02:06.870000,11.0,2.0,,,32.888,48.723,45.259,0 days 00:47:59.826000,0 days 00:48:48.549000,0 days 00:49:33.808000,214.0,207.0,252.0,267.0,False,SOFT,11.0,False,Red Bull Racing,0 days 00:47:26.938000,2018-09-14 09:02:27.053,1,,False,,False,True,126.87,126.86999999999999
366,0 days 00:51:30.915000,VER,33,0 days 00:01:57.107000,12.0,2.0,,0 days 00:51:23.417000,27.9,41.559,47.648,0 days 00:50:01.708000,0 days 00:50:43.267000,0 days 00:51:30.915000,307.0,215.0,,299.0,False,SOFT,12.0,False,Red Bull Racing,0 days 00:49:33.808000,2018-09-14 09:04:33.923,1,,False,,False,False,117.107,117.107
367,0 days 01:13:40.370000,VER,33,,13.0,2.0,0 days 01:11:38.627000,,,47.394,41.94,,0 days 01:12:58.447000,0 days 01:13:40.466000,253.0,222.0,258.0,299.0,False,SOFT,13.0,False,Red Bull Racing,0 days 00:51:30.915000,2018-09-14 09:06:31.030,12,,False,,False,False,,
368,0 days 01:15:20.627000,VER,33,0 days 00:01:40.257000,14.0,2.0,,,27.306,38.3,34.651,0 days 01:14:07.676000,0 days 01:14:45.976000,0 days 01:15:20.627000,306.0,271.0,256.0,302.0,True,SOFT,14.0,False,Red Bull Racing,0 days 01:13:40.370000,2018-09-14 09:28:40.485,1,,False,,False,True,100.257,100.257
369,0 days 01:17:46.040000,VER,33,0 days 00:02:25.413000,15.0,2.0,,,36.941,58.116,50.356,0 days 01:15:57.568000,0 days 01:16:55.684000,0 days 01:17:46.040000,185.0,212.0,258.0,239.0,False,SOFT,15.0,False,Red Bull Racing,0 days 01:15:20.627000,2018-09-14 09:30:20.742,1,,False,,False,True,145.413,145.413
370,0 days 01:20:00.479000,VER,33,0 days 00:02:14.439000,16.0,3.0,,,35.539,49.464,49.436,0 days 01:18:21.579000,0 days 01:19:11.043000,0 days 01:20:00.479000,251.0,246.0,257.0,303.0,False,HYPERSOFT,1.0,True,Red Bull Racing,0 days 01:17:46.040000,2018-09-14 09:32:46.155,12,,False,,False,True,134.439,134.439
371,0 days 01:21:54.238000,VER,33,0 days 00:01:53.759000,17.0,3.0,,,27.432,38.505,47.822,0 days 01:20:27.911000,0 days 01:21:06.416000,0 days 01:21:54.238000,305.0,271.0,219.0,301.0,False,HYPERSOFT,2.0,True,Red Bull Racing,0 days 01:20:00.479000,2018-09-14 09:35:00.594,12,,False,,False,True,113.759,113.759
372,0 days 01:23:59.464000,VER,33,0 days 00:02:05.226000,18.0,3.0,,,33.213,49.466,42.547,0 days 01:22:27.451000,0 days 01:23:16.917000,0 days 01:23:59.464000,247.0,238.0,256.0,241.0,False,HYPERSOFT,3.0,True,Red Bull Racing,0 days 01:21:54.238000,2018-09-14 09:36:54.353,1,,False,,False,True,125.226,125.226
373,0 days 01:25:39.376000,VER,33,0 days 00:01:39.912000,19.0,3.0,,,27.318,38.445,34.149,0 days 01:24:26.782000,0 days 01:25:05.227000,0 days 01:25:39.376000,305.0,272.0,259.0,300.0,True,HYPERSOFT,4.0,True,Red Bull Racing,0 days 01:23:59.464000,2018-09-14 09:38:59.579,1,,False,,False,True,99.912,99.912
374,0 days 01:27:43.269000,VER,33,0 days 00:02:03.893000,20.0,3.0,,0 days 01:27:35.562000,31.265,44.812,47.816,0 days 01:26:10.641000,0 days 01:26:55.453000,0 days 01:27:43.269000,222.0,269.0,,271.0,False,HYPERSOFT,5.0,True,Red Bull Racing,0 days 01:25:39.376000,2018-09-14 09:40:39.491,1,,False,,False,False,123.893,123.893
375,0 days 01:37:51.332000,VER,33,,21.0,4.0,0 days 01:35:38.827000,,,47.325,43.084,,0 days 01:37:08.248000,0 days 01:37:51.469000,275.0,213.0,246.0,271.0,False,HYPERSOFT,9.0,False,Red Bull Racing,0 days 01:27:43.269000,2018-09-14 09:42:43.384,1,,False,,False,False,,
376,0 days 01:39:36.241000,VER,33,0 days 00:01:44.909000,22.0,4.0,,,28.619,40.195,36.095,0 days 01:38:19.951000,0 days 01:39:00.146000,0 days 01:39:36.241000,289.0,266.0,247.0,285.0,False,HYPERSOFT,10.0,False,Red Bull Racing,0 days 01:37:51.332000,2018-09-14 09:52:51.447,1,,False,,False,True,104.909,104.90899999999999
377,0 days 01:41:22.270000,VER,33,0 days 00:01:46.029000,23.0,4.0,,,28.986,40.893,36.15,0 days 01:40:05.227000,0 days 01:40:46.120000,0 days 01:41:22.270000,280.0,256.0,248.0,275.0,False,HYPERSOFT,11.0,False,Red Bull Racing,0 days 01:39:36.241000,2018-09-14 09:54:36.356,12,,False,,False,True,106.029,106.029
378,0 days 01:43:08.899000,VER,33,0 days 00:01:46.629000,24.0,4.0,,,29.03,41.319,36.28,0 days 01:41:51.300000,0 days 01:42:32.619000,0 days 01:43:08.899000,280.0,257.0,248.0,276.0,False,HYPERSOFT,12.0,False,Red Bull Racing,0 days 01:41:22.270000,2018-09-14 09:56:22.385,21,,False,,False,True,106.629,106.629
379,0 days 01:44:54.755000,VER,33,0 days 00:01:45.856000,25.0,4.0,,,29.011,40.687,36.158,0 days 01:43:37.910000,0 days 01:44:18.597000,0 days 01:44:54.755000,280.0,256.0,247.0,275.0,False,HYPERSOFT,13.0,False,Red Bull Racing,0 days 01:43:08.899000,2018-09-14 09:58:09.014,1,,False,,False,True,105.856,105.856
380,0 days 01:46:40.585000,VER,33,0 days 00:01:45.830000,26.0,4.0,,,29.078,40.793,35.959,0 days 01:45:23.833000,0 days 01:46:04.626000,0 days 01:46:40.585000,278.0,253.0,247.0,276.0,False,HYPERSOFT,14.0,False,Red Bull Racing,0 days 01:44:54.755000,2018-09-14 09:59:54.870,1,,False,,False,True,105.83,105.83
381,0 days 01:48:56.506000,VER,33,0 days 00:02:15.921000,27.0,4.0,,0 days 01:48:49.117000,31.685,48.208,56.028,0 days 01:47:12.270000,0 days 01:48:00.478000,0 days 01:48:56.506000,279.0,166.0,,261.0,False,HYPERSOFT,15.0,False,Red Bull Racing,0 days 01:46:40.585000,2018-09-14 10:01:40.700,1,,False,,False,False,135.921,135.921
382,0 days 00:18:41.638000,SIR,35,,1.0,,0 days 00:16:24.091000,0 days 00:18:30.703000,,48.007,54.909,,0 days 00:17:46.791000,0 days 00:18:42.145000,252.0,250.0,,,False,nan,,True,Williams,0 days 00:16:24.091000,2018-09-14 08:31:24.206,1,,False,,False,False,,
383,0 days 00:21:07.556000,SIR,35,0 days 00:02:25.918000,2.0,1.0,0 days 00:19:06.394000,,55.599,45.166,45.153,0 days 00:19:37.237000,0 days 00:20:22.403000,0 days 00:21:07.556000,271.0,268.0,247.0,,False,ULTRASOFT,1.0,True,Williams,0 days 00:18:41.638000,2018-09-14 08:33:41.753,1,,False,,False,False,145.918,145.91799999999998
384,0 days 00:22:58.716000,SIR,35,0 days 00:01:51.160000,3.0,1.0,,,30.222,42.615,38.323,0 days 00:21:37.778000,0 days 00:22:20.393000,0 days 00:22:58.716000,304.0,270.0,249.0,297.0,True,ULTRASOFT,2.0,True,Williams,0 days 00:21:07.556000,2018-09-14 08:36:07.671,12,,False,,False,True,111.16,111.16
385,0 days 00:24:47.788000,SIR,35,0 days 00:01:49.072000,4.0,1.0,,,29.223,42.103,37.746,0 days 00:23:27.939000,0 days 00:24:10.042000,0 days 00:24:47.788000,296.0,264.0,249.0,298.0,True,ULTRASOFT,3.0,True,Williams,0 days 00:22:58.716000,2018-09-14 08:37:58.831,1,,False,,False,True,109.072,109.072
386,0 days 00:27:25.147000,SIR,35,,5.0,1.0,,,40.331,64.471,52.535,0 days 00:25:28.429000,0 days 00:26:32.647000,0 days 00:27:25.214000,176.0,113.0,245.0,262.0,False,ULTRASOFT,4.0,True,Williams,0 days 00:24:47.788000,2018-09-14 08:39:47.903,1,,False,,False,False,,157.337
387,0 days 00:29:13.108000,SIR,35,0 days 00:01:47.961000,6.0,1.0,,,29.53,41.586,36.845,0 days 00:27:54.677000,0 days 00:28:36.263000,0 days 00:29:13.108000,291.0,264.0,252.0,298.0,True,ULTRASOFT,5.0,True,Williams,0 days 00:27:25.147000,2018-09-14 08:42:25.262,1,,False,,False,True,107.961,107.961
388,0 days 00:31:44.953000,SIR,35,,7.0,1.0,,,39.479,62.766,49.614,0 days 00:29:52.584000,0 days 00:30:55.339000,0 days 00:31:45.270000,233.0,234.0,248.0,263.0,False,ULTRASOFT,6.0,True,Williams,0 days 00:29:13.108000,2018-09-14 08:44:13.223,12,,False,,False,False,,151.859
389,0 days 00:33:31.184000,SIR,35,0 days 00:01:46.231000,8.0,1.0,,,28.705,41.136,36.39,0 days 00:32:13.658000,0 days 00:32:54.794000,0 days 00:33:31.184000,297.0,265.0,252.0,298.0,True,ULTRASOFT,7.0,True,Williams,0 days 00:31:44.953000,2018-09-14 08:46:45.068,1,,False,,False,True,106.231,106.23100000000001
390,0 days 00:36:01.405000,SIR,35,,9.0,1.0,,,38.876,60.86,50.499,0 days 00:34:10.301000,0 days 00:35:10.908000,0 days 00:36:01.487000,239.0,235.0,250.0,242.0,False,ULTRASOFT,8.0,True,Williams,0 days 00:33:31.184000,2018-09-14 08:48:31.299,12,,False,,False,False,,150.23499999999999
391,0 days 00:38:24.771000,SIR,35,0 days 00:02:23.366000,10.0,1.0,,,28.478,58.62,56.268,0 days 00:36:29.883000,0 days 00:37:28.503000,0 days 00:38:24.771000,304.0,137.0,247.0,299.0,False,ULTRASOFT,9.0,True,Williams,0 days 00:36:01.405000,2018-09-14 08:51:01.520,1,,False,,False,True,143.366,143.36599999999999
392,0 days 00:40:11.310000,SIR,35,0 days 00:01:46.539000,11.0,1.0,,,28.64,41.669,36.23,0 days 00:38:53.411000,0 days 00:39:35.080000,0 days 00:40:11.310000,302.0,270.0,253.0,298.0,False,ULTRASOFT,10.0,True,Williams,0 days 00:38:24.771000,2018-09-14 08:53:24.886,1,,False,,False,True,106.539,106.53899999999999
393,0 days 00:42:36.077000,SIR,35,0 days 00:02:24.767000,12.0,1.0,,0 days 00:42:28.299000,37.918,51.567,55.282,0 days 00:40:49.228000,0 days 00:41:40.795000,0 days 00:42:36.077000,239.0,198.0,,249.0,False,ULTRASOFT,11.0,True,Williams,0 days 00:40:11.310000,2018-09-14 08:55:11.425,1,,False,,False,False,144.767,144.767
394,0 days 00:57:36.594000,SIR,35,,13.0,2.0,0 days 00:55:28.770000,,,50.41,44.85,,0 days 00:56:51.744000,0 days 00:57:36.817000,270.0,246.0,250.0,249.0,False,ULTRASOFT,1.0,True,Williams,0 days 00:42:36.077000,2018-09-14 08:57:36.192,12,,False,,False,False,,
395,0 days 00:59:20.630000,SIR,35,0 days 00:01:44.036000,14.0,2.0,,,28.122,40.043,35.871,0 days 00:58:04.716000,0 days 00:58:44.759000,0 days 00:59:20.630000,307.0,270.0,252.0,298.0,True,ULTRASOFT,2.0,True,Williams,0 days 00:57:36.594000,2018-09-14 09:12:36.709,1,,False,,False,True,104.036,104.036
396,0 days 01:01:52.405000,SIR,35,,15.0,2.0,,,39.411,58.338,54.016,0 days 01:00:00.255000,0 days 01:00:58.389000,0 days 01:01:52.615000,243.0,230.0,250.0,238.0,False,ULTRASOFT,3.0,True,Williams,0 days 00:59:20.630000,2018-09-14 09:14:20.745,1,,False,,False,False,,151.765
397,0 days 01:03:37.470000,SIR,35,0 days 00:01:45.065000,16.0,2.0,,,28.213,39.964,36.888,0 days 01:02:20.618000,0 days 01:03:00.582000,0 days 01:03:37.470000,304.0,270.0,253.0,298.0,False,ULTRASOFT,4.0,True,Williams,0 days 01:01:52.405000,2018-09-14 09:16:52.520,1,,False,,False,True,105.065,105.065
398,0 days 01:06:11.372000,SIR,35,,17.0,2.0,,,41.197,62.02,50.666,0 days 01:04:18.686000,0 days 01:05:20.868000,0 days 01:06:14.727000,258.0,213.0,251.0,210.0,False,ULTRASOFT,5.0,True,Williams,0 days 01:03:37.470000,2018-09-14 09:18:37.585,1,,False,,False,False,,153.883
399,0 days 01:08:50.411000,SIR,35,,18.0,2.0,,0 days 01:08:42.725000,30.217,67.563,61.26,0 days 01:06:41.588000,0 days 01:07:51.020000,0 days 01:08:50.646000,182.0,121.0,,298.0,False,ULTRASOFT,6.0,True,Williams,0 days 01:06:11.372000,2018-09-14 09:21:11.487,1,,False,,False,False,,159.04
400,0 days 01:27:11.688000,SIR,35,,19.0,3.0,0 days 01:24:48.206000,0 days 01:27:03.888000,,46.153,49.053,,0 days 01:26:22.635000,0 days 01:27:11.780000,252.0,245.0,,298.0,False,ULTRASOFT,7.0,False,Williams,0 days 01:08:50.411000,2018-09-14 09:23:50.526,12,,False,,False,False,,
401,0 days 01:30:02.192000,SIR,35,,20.0,4.0,0 days 01:27:37.703000,,70.856,51.156,48.499,0 days 01:28:22.645000,0 days 01:29:13.819000,0 days 01:30:02.278000,167.0,185.0,241.0,298.0,False,ULTRASOFT,8.0,False,Williams,0 days 01:27:11.688000,2018-09-14 09:42:11.803,1,,False,,False,False,,170.511
402,0 days 01:31:51.354000,SIR,35,0 days 00:01:49.162000,21.0,4.0,,,29.843,42.081,37.238,0 days 01:30:32.035000,0 days 01:31:14.116000,0 days 01:31:51.354000,276.0,260.0,245.0,283.0,False,ULTRASOFT,9.0,False,Williams,0 days 01:30:02.192000,2018-09-14 09:45:02.307,1,,False,,False,True,109.162,109.162
403,0 days 01:33:39.588000,SIR,35,0 days 00:01:48.234000,22.0,4.0,,,29.581,41.654,36.999,0 days 01:32:20.935000,0 days 01:33:02.589000,0 days 01:33:39.588000,276.0,260.0,246.0,278.0,False,ULTRASOFT,10.0,False,Williams,0 days 01:31:51.354000,2018-09-14 09:46:51.469,1,,False,,False,True,108.234,108.23400000000001
404,0 days 01:35:28.492000,SIR,35,0 days 00:01:48.904000,23.0,4.0,,,29.76,41.898,37.246,0 days 01:34:09.348000,0 days 01:34:51.246000,0 days 01:35:28.492000,279.0,260.0,247.0,278.0,False,ULTRASOFT,11.0,False,Williams,0 days 01:33:39.588000,2018-09-14 09:48:39.703,1,,False,,False,True,108.904,108.904
405,0 days 01:37:17.737000,SIR,35,0 days 00:01:49.245000,24.0,4.0,,,29.768,42.009,37.468,0 days 01:35:58.260000,0 days 01:36:40.269000,0 days 01:37:17.737000,278.0,261.0,245.0,279.0,False,ULTRASOFT,12.0,False,Williams,0 days 01:35:28.492000,2018-09-14 09:50:28.607,1,,False,,False,True,109.245,109.245
406,0 days 01:39:06.837000,SIR,35,0 days 00:01:49.100000,25.0,4.0,,,29.763,42.051,37.286,0 days 01:37:47.500000,0 days 01:38:29.551000,0 days 01:39:06.837000,278.0,259.0,245.0,276.0,False,ULTRASOFT,13.0,False,Williams,0 days 01:37:17.737000,2018-09-14 09:52:17.852,1,,False,,False,True,109.1,109.10000000000001
407,0 days 01:40:56.032000,SIR,35,0 days 00:01:49.195000,26.0,4.0,,,29.833,42.203,37.159,0 days 01:39:36.670000,0 days 01:40:18.873000,0 days 01:40:56.032000,281.0,260.0,246.0,278.0,False,ULTRASOFT,14.0,False,Williams,0 days 01:39:06.837000,2018-09-14 09:54:06.952,1,,False,,False,True,109.195,109.195
408,0 days 01:43:25.555000,SIR,35,0 days 00:02:29.523000,27.0,4.0,,,37.153,61.327,51.043,0 days 01:41:33.185000,0 days 01:42:34.512000,0 days 01:43:25.555000,185.0,176.0,243.0,227.0,False,ULTRASOFT,15.0,False,Williams,0 days 01:40:56.032000,2018-09-14 09:55:56.147,12,,False,,False,True,149.523,149.523
409,0 days 01:45:13.463000,SIR,35,0 days 00:01:47.908000,28.0,4.0,,,29.515,41.624,36.769,0 days 01:43:55.070000,0 days 01:44:36.694000,0 days 01:45:13.463000,278.0,259.0,246.0,284.0,False,ULTRASOFT,16.0,False,Williams,0 days 01:43:25.555000,2018-09-14 09:58:25.670,1,,False,,False,True,107.908,107.90800000000002
410,0 days 01:47:33.121000,SIR,35,0 days 00:02:19.658000,29.0,4.0,,0 days 01:47:25.345000,35.37,52.455,51.833,0 days 01:45:48.833000,0 days 01:46:41.288000,0 days 01:47:33.121000,159.0,169.0,,202.0,False,ULTRASOFT,17.0,False,Williams,0 days 01:45:13.463000,2018-09-14 10:00:13.578,1,,False,,False,False,139.658,139.658
411,0 days 00:26:07.439000,HAM,44,,1.0,1.0,0 days 00:23:51.775000,,,45.681,40.928,,0 days 00:25:26.534000,0 days 00:26:07.505000,272.0,253.0,250.0,,False,ULTRASOFT,1.0,True,Mercedes,0 days 00:23:51.775000,2018-09-14 08:38:51.890,1,,False,,False,False,,
412,0 days 00:27:54.347000,HAM,44,0 days 00:01:46.908000,2.0,1.0,,,28.341,42.265,36.302,0 days 00:26:35.780000,0 days 00:27:18.045000,0 days 00:27:54.347000,309.0,271.0,252.0,299.0,True,ULTRASOFT,2.0,True,Mercedes,0 days 00:26:07.439000,2018-09-14 08:41:07.554,1,,False,,False,True,106.908,106.90799999999999
413,0 days 00:29:39.632000,HAM,44,0 days 00:01:45.285000,3.0,1.0,,,28.194,40.597,36.494,0 days 00:28:22.541000,0 days 00:29:03.138000,0 days 00:29:39.632000,309.0,273.0,255.0,300.0,True,ULTRASOFT,3.0,True,Mercedes,0 days 00:27:54.347000,2018-09-14 08:42:54.462,12,,False,,False,True,105.285,105.285
414,0 days 00:31:56.778000,HAM,44,0 days 00:02:17.146000,4.0,1.0,,,37.181,50.923,49.042,0 days 00:30:16.813000,0 days 00:31:07.736000,0 days 00:31:56.778000,242.0,220.0,253.0,237.0,False,ULTRASOFT,4.0,True,Mercedes,0 days 00:29:39.632000,2018-09-14 08:44:39.747,1,,False,,False,True,137.146,137.14600000000002
415,0 days 00:33:39.743000,HAM,44,0 days 00:01:42.965000,5.0,1.0,,,27.627,39.828,35.51,0 days 00:32:24.405000,0 days 00:33:04.233000,0 days 00:33:39.743000,311.0,273.0,256.0,302.0,True,ULTRASOFT,5.0,True,Mercedes,0 days 00:31:56.778000,2018-09-14 08:46:56.893,1,,False,,False,True,102.965,102.965
416,0 days 00:36:15.010000,HAM,44,,6.0,1.0,,,41.212,63.768,50.275,0 days 00:34:20.969000,0 days 00:35:24.735000,0 days 00:36:15.500000,178.0,219.0,256.0,259.0,False,ULTRASOFT,6.0,True,Mercedes,0 days 00:33:39.743000,2018-09-14 08:48:39.858,12,,False,,False,False,,155.255
417,0 days 00:37:57.896000,HAM,44,0 days 00:01:42.886000,7.0,1.0,,,27.569,39.862,35.455,0 days 00:36:42.579000,0 days 00:37:22.441000,0 days 00:37:57.896000,303.0,271.0,258.0,306.0,True,ULTRASOFT,7.0,True,Mercedes,0 days 00:36:15.010000,2018-09-14 08:51:15.125,1,,False,,False,True,102.886,102.886
418,0 days 00:40:49.430000,HAM,44,,8.0,1.0,,,48.582,75.338,47.626,0 days 00:38:46.470000,0 days 00:40:01.804000,0 days 00:40:49.510000,119.0,215.0,253.0,244.0,False,ULTRASOFT,8.0,True,Mercedes,0 days 00:37:57.896000,2018-09-14 08:52:58.011,1,,False,,False,False,,171.546
419,0 days 00:42:31.502000,HAM,44,0 days 00:01:42.072000,9.0,1.0,,,27.48,39.447,35.145,0 days 00:41:16.910000,0 days 00:41:56.357000,0 days 00:42:31.502000,311.0,275.0,258.0,301.0,True,ULTRASOFT,9.0,True,Mercedes,0 days 00:40:49.430000,2018-09-14 08:55:49.545,1,,False,,False,True,102.072,102.072
420,0 days 00:44:48.761000,HAM,44,0 days 00:02:17.259000,10.0,1.0,,0 days 00:44:40.903000,39.107,49.669,48.483,0 days 00:43:10.609000,0 days 00:44:00.278000,0 days 00:44:48.761000,223.0,219.0,,266.0,False,ULTRASOFT,10.0,True,Mercedes,0 days 00:42:31.502000,2018-09-14 08:57:31.617,1,,False,,False,False,137.259,137.259
421,0 days 01:00:15.885000,HAM,44,,11.0,2.0,0 days 00:57:54.991000,,,49.374,42.041,,0 days 00:59:33.851000,0 days 01:00:15.979000,277.0,251.0,258.0,266.0,False,SOFT,1.0,True,Mercedes,0 days 00:44:48.761000,2018-09-14 08:59:48.876,12,,False,,False,False,,
422,0 days 01:02:19.107000,HAM,44,0 days 00:02:03.222000,12.0,2.0,,,33.426,48.493,41.303,0 days 01:00:49.311000,0 days 01:01:37.804000,0 days 01:02:19.107000,268.0,238.0,256.0,304.0,False,SOFT,2.0,True,Mercedes,0 days 01:00:15.885000,2018-09-14 09:15:16.000,1,,False,,False,True,123.222,123.22200000000001
423,0 days 01:04:13.607000,HAM,44,0 days 00:01:54.500000,13.0,2.0,,,27.412,39.429,47.659,0 days 01:02:46.519000,0 days 01:03:25.948000,0 days 01:04:13.607000,312.0,273.0,253.0,302.0,False,SOFT,3.0,True,Mercedes,0 days 01:02:19.107000,2018-09-14 09:17:19.222,1,,False,,False,True,114.5,114.5
424,0 days 01:06:23.590000,HAM,44,0 days 00:02:09.983000,14.0,2.0,,,38.428,48.418,43.137,0 days 01:04:52.035000,0 days 01:05:40.453000,0 days 01:06:23.590000,234.0,241.0,256.0,301.0,False,SOFT,4.0,True,Mercedes,0 days 01:04:13.607000,2018-09-14 09:19:13.722,1,,False,,False,True,129.983,129.983
425,0 days 01:08:04.822000,HAM,44,0 days 00:01:41.232000,15.0,2.0,,,27.49,39.132,34.61,0 days 01:06:51.080000,0 days 01:07:30.212000,0 days 01:08:04.822000,312.0,272.0,257.0,303.0,True,SOFT,5.0,True,Mercedes,0 days 01:06:23.590000,2018-09-14 09:21:23.705,1,,False,,False,True,101.232,101.232
426,0 days 01:10:42.387000,HAM,44,,16.0,2.0,,,44.489,57.546,55.54,0 days 01:08:49.301000,0 days 01:09:46.906000,0 days 01:10:42.596000,152.0,240.0,255.0,237.0,False,SOFT,6.0,True,Mercedes,0 days 01:08:04.822000,2018-09-14 09:23:04.937,1,,False,,False,False,,157.575
427,0 days 01:12:38.698000,HAM,44,0 days 00:01:56.311000,17.0,2.0,,,29.618,45.62,41.073,0 days 01:11:12.005000,0 days 01:11:57.625000,0 days 01:12:38.698000,272.0,255.0,256.0,302.0,False,SOFT,7.0,True,Mercedes,0 days 01:10:42.387000,2018-09-14 09:25:42.502,1,,False,,False,True,116.311,116.311
428,0 days 01:14:33.612000,HAM,44,0 days 00:01:54.914000,18.0,2.0,,,27.48,45.822,41.612,0 days 01:13:06.178000,0 days 01:13:52,0 days 01:14:33.612000,311.0,250.0,254.0,303.0,False,SOFT,8.0,True,Mercedes,0 days 01:12:38.698000,2018-09-14 09:27:38.813,1,,False,,False,True,114.914,114.91400000000002
429,0 days 01:16:29.361000,HAM,44,0 days 00:01:55.749000,19.0,2.0,,0 days 01:16:21.557000,27.445,39.437,48.867,0 days 01:15:01.057000,0 days 01:15:40.494000,0 days 01:16:29.361000,312.0,274.0,,302.0,False,SOFT,9.0,True,Mercedes,0 days 01:14:33.612000,2018-09-14 09:29:33.727,1,,False,,False,False,115.749,115.749
430,0 days 01:25:35.532000,HAM,44,,20.0,3.0,0 days 01:23:22.669000,,,44.446,38.374,,0 days 01:24:57.175000,0 days 01:25:35.617000,271.0,254.0,246.0,302.0,False,SOFT,10.0,False,Mercedes,0 days 01:16:29.361000,2018-09-14 09:31:29.476,12,,False,,False,False,,
431,0 days 01:27:21.947000,HAM,44,0 days 00:01:46.415000,21.0,3.0,,,28.912,41.099,36.404,0 days 01:26:04.444000,0 days 01:26:45.543000,0 days 01:27:21.947000,285.0,264.0,246.0,286.0,False,SOFT,11.0,False,Mercedes,0 days 01:25:35.532000,2018-09-14 09:40:35.647,1,,False,,False,True,106.415,106.41499999999999
432,0 days 01:29:08.746000,HAM,44,0 days 00:01:46.799000,22.0,3.0,,,29.192,41.038,36.569,0 days 01:27:51.139000,0 days 01:28:32.177000,0 days 01:29:08.746000,281.0,261.0,247.0,274.0,False,SOFT,12.0,False,Mercedes,0 days 01:27:21.947000,2018-09-14 09:42:22.062,1,,False,,False,True,106.799,106.79899999999999
433,0 days 01:30:55.465000,HAM,44,0 days 00:01:46.719000,23.0,3.0,,,29.171,41.171,36.377,0 days 01:29:37.917000,0 days 01:30:19.088000,0 days 01:30:55.465000,279.0,258.0,247.0,277.0,False,SOFT,13.0,False,Mercedes,0 days 01:29:08.746000,2018-09-14 09:44:08.861,1,,False,,False,True,106.719,106.719
434,0 days 01:32:41.810000,HAM,44,0 days 00:01:46.345000,24.0,3.0,,,29.279,40.991,36.075,0 days 01:31:24.744000,0 days 01:32:05.735000,0 days 01:32:41.810000,280.0,260.0,247.0,276.0,False,SOFT,14.0,False,Mercedes,0 days 01:30:55.465000,2018-09-14 09:45:55.580,1,,False,,False,True,106.345,106.345
435,0 days 01:34:28.383000,HAM,44,0 days 00:01:46.573000,25.0,3.0,,,29.115,40.947,36.511,0 days 01:33:10.925000,0 days 01:33:51.872000,0 days 01:34:28.383000,280.0,263.0,249.0,280.0,False,SOFT,15.0,False,Mercedes,0 days 01:32:41.810000,2018-09-14 09:47:41.925,1,,False,,False,True,106.573,106.57300000000001
436,0 days 01:36:18.232000,HAM,44,0 days 00:01:49.849000,26.0,3.0,,,29.034,41.562,39.253,0 days 01:34:57.417000,0 days 01:35:38.979000,0 days 01:36:18.232000,285.0,265.0,248.0,282.0,False,SOFT,16.0,False,Mercedes,0 days 01:34:28.383000,2018-09-14 09:49:28.498,1,,False,,False,True,109.849,109.849
437,0 days 01:38:04.509000,HAM,44,0 days 00:01:46.277000,27.0,3.0,,,28.968,41.018,36.291,0 days 01:36:47.200000,0 days 01:37:28.218000,0 days 01:38:04.509000,285.0,263.0,249.0,290.0,False,SOFT,17.0,False,Mercedes,0 days 01:36:18.232000,2018-09-14 09:51:18.347,1,,False,,False,True,106.277,106.277
438,0 days 01:40:08.332000,HAM,44,0 days 00:02:03.823000,28.0,3.0,,0 days 01:40:00.543000,29.388,44.671,49.764,0 days 01:38:33.897000,0 days 01:39:18.568000,0 days 01:40:08.332000,290.0,222.0,,284.0,False,SOFT,18.0,False,Mercedes,0 days 01:38:04.509000,2018-09-14 09:53:04.624,1,,False,,False,False,123.823,123.82300000000001
439,0 days 00:18:30.193000,SAI,55,,1.0,,0 days 00:16:01.080000,0 days 00:18:22.045000,,47.91,52.239,,0 days 00:17:37.954000,0 days 00:18:30.455000,195.0,233.0,,,False,nan,,True,Renault,0 days 00:16:01.080000,2018-09-14 08:31:01.195,1,,False,,False,False,,
440,0 days 00:21:38.840000,SAI,55,,2.0,1.0,0 days 00:19:13.533000,0 days 00:21:30.731000,87.722,50.747,50.187,0 days 00:19:57.915000,0 days 00:20:48.653000,0 days 00:21:38.937000,198.0,237.0,,,False,ULTRASOFT,2.0,False,Renault,0 days 00:18:30.193000,2018-09-14 08:33:30.308,12,,False,,False,False,,188.656
441,0 days 00:35:24.223000,SAI,55,,3.0,2.0,0 days 00:33:08.912000,,,46.656,46.256,,0 days 00:34:37.967000,0 days 00:35:24.298000,257.0,259.0,254.0,,False,ULTRASOFT,3.0,False,Renault,0 days 00:21:38.840000,2018-09-14 08:36:38.955,21,,False,,False,False,,
442,0 days 00:37:09.560000,SAI,55,0 days 00:01:45.337000,4.0,2.0,,,28.474,40.627,36.236,0 days 00:35:52.697000,0 days 00:36:33.324000,0 days 00:37:09.560000,298.0,268.0,255.0,296.0,True,ULTRASOFT,4.0,False,Renault,0 days 00:35:24.223000,2018-09-14 08:50:24.338,12,,False,,False,True,105.337,105.33699999999999
443,0 days 00:39:21.548000,SAI,55,0 days 00:02:11.988000,5.0,2.0,,,35.34,49.401,47.247,0 days 00:37:44.900000,0 days 00:38:34.301000,0 days 00:39:21.548000,248.0,250.0,252.0,243.0,False,ULTRASOFT,5.0,False,Renault,0 days 00:37:09.560000,2018-09-14 08:52:09.675,1,,False,,False,True,131.988,131.988
444,0 days 00:41:05.624000,SAI,55,0 days 00:01:44.076000,6.0,2.0,,,28.042,40.17,35.864,0 days 00:39:49.590000,0 days 00:40:29.760000,0 days 00:41:05.624000,303.0,270.0,256.0,295.0,True,ULTRASOFT,6.0,False,Renault,0 days 00:39:21.548000,2018-09-14 08:54:21.663,1,,False,,False,True,104.076,104.076
445,0 days 00:43:26.517000,SAI,55,0 days 00:02:20.893000,7.0,2.0,,,39.393,58.892,42.608,0 days 00:41:45.017000,0 days 00:42:43.909000,0 days 00:43:26.517000,196.0,241.0,252.0,233.0,False,ULTRASOFT,7.0,False,Renault,0 days 00:41:05.624000,2018-09-14 08:56:05.739,1,,False,,False,True,140.893,140.893
446,0 days 00:45:09.808000,SAI,55,0 days 00:01:43.291000,8.0,2.0,,,28.065,39.875,35.351,0 days 00:43:54.582000,0 days 00:44:34.457000,0 days 00:45:09.808000,301.0,270.0,254.0,294.0,True,ULTRASOFT,8.0,False,Renault,0 days 00:43:26.517000,2018-09-14 08:58:26.632,1,,False,,False,True,103.291,103.291
447,0 days 00:47:33.640000,SAI,55,0 days 00:02:23.832000,9.0,2.0,,,38.335,58.628,46.869,0 days 00:45:48.143000,0 days 00:46:46.771000,0 days 00:47:33.640000,222.0,192.0,251.0,242.0,False,ULTRASOFT,9.0,False,Renault,0 days 00:45:09.808000,2018-09-14 09:00:09.923,1,,False,,False,True,143.832,143.832
448,0 days 00:49:41.275000,SAI,55,0 days 00:02:07.635000,10.0,2.0,,,28.035,46.336,53.264,0 days 00:48:01.675000,0 days 00:48:48.011000,0 days 00:49:41.275000,303.0,217.0,252.0,295.0,False,ULTRASOFT,10.0,False,Renault,0 days 00:47:33.640000,2018-09-14 09:02:33.755,1,,False,,False,True,127.635,127.63499999999999
449,0 days 00:51:24.650000,SAI,55,0 days 00:01:43.375000,11.0,2.0,,,28.044,39.765,35.566,0 days 00:50:09.319000,0 days 00:50:49.084000,0 days 00:51:24.650000,301.0,270.0,258.0,295.0,False,ULTRASOFT,11.0,False,Renault,0 days 00:49:41.275000,2018-09-14 09:04:41.390,1,,False,,False,True,103.375,103.375
450,0 days 00:53:36.541000,SAI,55,0 days 00:02:11.891000,12.0,2.0,,0 days 00:53:28.796000,35.036,48.263,48.592,0 days 00:51:59.686000,0 days 00:52:47.949000,0 days 00:53:36.541000,226.0,245.0,,230.0,False,ULTRASOFT,12.0,False,Renault,0 days 00:51:24.650000,2018-09-14 09:06:24.765,12,,False,,False,False,131.891,131.89100000000002
451,0 days 01:11:06.746000,SAI,55,,13.0,3.0,0 days 01:08:34.972000,,,52.955,51.994,,0 days 01:10:14.762000,0 days 01:11:07.158000,201.0,224.0,254.0,230.0,False,HYPERSOFT,1.0,True,Renault,0 days 00:53:36.541000,2018-09-14 09:08:36.656,1,,False,,False,False,,
452,0 days 01:12:48.075000,SAI,55,0 days 00:01:41.329000,14.0,3.0,,,27.747,38.624,34.958,0 days 01:11:34.493000,0 days 01:12:13.117000,0 days 01:12:48.075000,299.0,269.0,258.0,297.0,True,HYPERSOFT,2.0,True,Renault,0 days 01:11:06.746000,2018-09-14 09:26:06.861,1,,False,,False,True,101.329,101.32900000000001
453,0 days 01:15:20.049000,SAI,55,,15.0,3.0,,,36.643,68.11,47.225,0 days 01:13:24.714000,0 days 01:14:33.657000,0 days 01:15:20.180000,193.0,159.0,254.0,214.0,False,HYPERSOFT,3.0,True,Renault,0 days 01:12:48.075000,2018-09-14 09:27:48.190,1,,False,,False,False,,151.978
454,0 days 01:17:27.487000,SAI,55,0 days 00:02:07.438000,16.0,3.0,,,27.691,48.983,50.764,0 days 01:15:47.740000,0 days 01:16:36.723000,0 days 01:17:27.487000,299.0,182.0,252.0,294.0,False,HYPERSOFT,4.0,True,Renault,0 days 01:15:20.049000,2018-09-14 09:30:20.164,1,,False,,False,True,127.438,127.43799999999999
455,0 days 01:19:24.482000,SAI,55,0 days 00:01:56.995000,17.0,3.0,,0 days 01:19:16.476000,27.707,39.316,49.972,0 days 01:17:55.194000,0 days 01:18:34.510000,0 days 01:19:24.482000,300.0,242.0,,295.0,False,HYPERSOFT,5.0,True,Renault,0 days 01:17:27.487000,2018-09-14 09:32:27.602,12,,False,,False,False,116.995,116.995
456,0 days 01:38:01.296000,SAI,55,,18.0,4.0,0 days 01:35:46.133000,,,42.724,47.203,,0 days 01:37:14.093000,0 days 01:38:01.379000,289.0,266.0,246.0,295.0,False,HYPERSOFT,6.0,False,Renault,0 days 01:19:24.482000,2018-09-14 09:34:24.597,12,,False,,False,False,,
457,0 days 01:39:46.882000,SAI,55,0 days 00:01:45.586000,19.0,4.0,,,28.867,40.566,36.153,0 days 01:38:30.163000,0 days 01:39:10.729000,0 days 01:39:46.882000,290.0,267.0,249.0,285.0,False,HYPERSOFT,7.0,False,Renault,0 days 01:38:01.296000,2018-09-14 09:53:01.411,1,,False,,False,True,105.586,105.58600000000001
458,0 days 01:41:32.819000,SAI,55,0 days 00:01:45.937000,20.0,4.0,,,28.804,40.855,36.278,0 days 01:40:15.686000,0 days 01:40:56.541000,0 days 01:41:32.819000,288.0,266.0,250.0,284.0,False,HYPERSOFT,8.0,False,Renault,0 days 01:39:46.882000,2018-09-14 09:54:46.997,12,,False,,False,True,105.937,105.93699999999998
459,0 days 01:43:19.774000,SAI,55,0 days 00:01:46.955000,21.0,4.0,,,28.822,41.329,36.804,0 days 01:42:01.641000,0 days 01:42:42.970000,0 days 01:43:19.774000,287.0,266.0,248.0,286.0,False,HYPERSOFT,9.0,False,Renault,0 days 01:41:32.819000,2018-09-14 09:56:32.934,1,,False,,False,True,106.955,106.955
460,0 days 01:45:05.702000,SAI,55,0 days 00:01:45.928000,22.0,4.0,,,29.447,40.59,35.891,0 days 01:43:49.221000,0 days 01:44:29.811000,0 days 01:45:05.702000,288.0,266.0,252.0,285.0,False,HYPERSOFT,10.0,False,Renault,0 days 01:43:19.774000,2018-09-14 09:58:19.889,1,,False,,False,True,105.928,105.928
461,0 days 01:47:18.945000,SAI,55,0 days 00:02:13.243000,23.0,4.0,,0 days 01:47:10.908000,34.9,48.836,49.507,0 days 01:45:40.602000,0 days 01:46:29.438000,0 days 01:47:18.945000,220.0,225.0,,221.0,False,HYPERSOFT,11.0,False,Renault,0 days 01:45:05.702000,2018-09-14 10:00:05.817,1,,False,,False,False,133.243,133.243
462,0 days 00:23:19.152000,BOT,77,,1.0,1.0,0 days 00:21:05.794000,,,45.806,40.793,,0 days 00:22:38.363000,0 days 00:23:19.242000,282.0,252.0,254.0,,False,ULTRASOFT,1.0,True,Mercedes,0 days 00:21:05.794000,2018-09-14 08:36:05.909,12,,False,,False,False,,
463,0 days 00:25:03.887000,BOT,77,0 days 00:01:44.735000,2.0,1.0,,,28.054,40.734,35.947,0 days 00:23:47.206000,0 days 00:24:27.940000,0 days 00:25:03.887000,309.0,272.0,255.0,301.0,True,ULTRASOFT,2.0,True,Mercedes,0 days 00:23:19.152000,2018-09-14 08:38:19.267,1,,False,,False,True,104.735,104.735
464,0 days 00:27:13.509000,BOT,77,0 days 00:02:09.622000,3.0,1.0,,,34.281,53.275,42.066,0 days 00:25:38.168000,0 days 00:26:31.443000,0 days 00:27:13.509000,258.0,229.0,255.0,266.0,False,ULTRASOFT,3.0,True,Mercedes,0 days 00:25:03.887000,2018-09-14 08:40:04.002,1,,False,,False,True,129.622,129.622
465,0 days 00:28:56.937000,BOT,77,0 days 00:01:43.428000,4.0,1.0,,,27.771,40.093,35.564,0 days 00:27:41.280000,0 days 00:28:21.373000,0 days 00:28:56.937000,309.0,273.0,255.0,301.0,True,ULTRASOFT,4.0,True,Mercedes,0 days 00:27:13.509000,2018-09-14 08:42:13.624,1,,False,,False,True,103.428,103.428
466,0 days 00:31:17.519000,BOT,77,0 days 00:02:20.582000,5.0,1.0,,,34.854,51.701,54.027,0 days 00:29:31.791000,0 days 00:30:23.492000,0 days 00:31:17.519000,219.0,213.0,255.0,260.0,False,ULTRASOFT,5.0,True,Mercedes,0 days 00:28:56.937000,2018-09-14 08:43:57.052,12,,False,,False,True,140.582,140.582
467,0 days 00:32:59.993000,BOT,77,0 days 00:01:42.474000,6.0,1.0,,,27.731,39.605,35.138,0 days 00:31:45.250000,0 days 00:32:24.855000,0 days 00:32:59.993000,310.0,274.0,256.0,303.0,True,ULTRASOFT,6.0,True,Mercedes,0 days 00:31:17.519000,2018-09-14 08:46:17.634,1,,False,,False,True,102.474,102.47399999999999
468,0 days 00:35:17.905000,BOT,77,0 days 00:02:17.912000,7.0,1.0,,,33.984,54.081,49.847,0 days 00:33:33.977000,0 days 00:34:28.058000,0 days 00:35:17.905000,219.0,248.0,257.0,268.0,False,ULTRASOFT,7.0,True,Mercedes,0 days 00:32:59.993000,2018-09-14 08:48:00.108,1,,False,,False,True,137.912,137.912
469,0 days 00:37:32.589000,BOT,77,0 days 00:02:14.684000,8.0,1.0,,,37.497,51.12,46.067,0 days 00:35:55.402000,0 days 00:36:46.522000,0 days 00:37:32.589000,267.0,243.0,257.0,304.0,False,ULTRASOFT,8.0,True,Mercedes,0 days 00:35:17.905000,2018-09-14 08:50:18.020,12,,False,,False,True,134.684,134.684
470,0 days 00:39:14.759000,BOT,77,0 days 00:01:42.170000,9.0,1.0,,,27.552,39.333,35.285,0 days 00:38:00.141000,0 days 00:38:39.474000,0 days 00:39:14.759000,309.0,275.0,260.0,306.0,True,ULTRASOFT,9.0,True,Mercedes,0 days 00:37:32.589000,2018-09-14 08:52:32.704,1,,False,,False,True,102.17,102.16999999999999
471,0 days 00:41:24.199000,BOT,77,0 days 00:02:09.440000,10.0,1.0,,0 days 00:41:16.459000,32.248,48.348,48.844,0 days 00:39:47.007000,0 days 00:40:35.355000,0 days 00:41:24.199000,277.0,247.0,,273.0,False,ULTRASOFT,10.0,True,Mercedes,0 days 00:39:14.759000,2018-09-14 08:54:14.874,1,,False,,False,False,129.44,129.44
472,0 days 00:56:07.947000,BOT,77,,11.0,2.0,0 days 00:53:56.933000,,,45.231,39.234,,0 days 00:55:29.113000,0 days 00:56:08.037000,304.0,267.0,258.0,273.0,False,SOFT,1.0,True,Mercedes,0 days 00:41:24.199000,2018-09-14 08:56:24.314,12,,False,,False,False,,
473,0 days 00:57:49.891000,BOT,77,0 days 00:01:41.944000,12.0,2.0,,,27.523,39.735,34.686,0 days 00:56:35.470000,0 days 00:57:15.205000,0 days 00:57:49.891000,310.0,273.0,260.0,303.0,True,SOFT,2.0,True,Mercedes,0 days 00:56:07.947000,2018-09-14 09:11:08.062,1,,False,,False,True,101.944,101.94399999999999
474,0 days 01:00:03.492000,BOT,77,0 days 00:02:13.601000,13.0,2.0,,,32.921,50.314,50.366,0 days 00:58:22.812000,0 days 00:59:13.126000,0 days 01:00:03.492000,277.0,233.0,254.0,275.0,False,SOFT,3.0,True,Mercedes,0 days 00:57:49.891000,2018-09-14 09:12:50.006,1,,False,,False,True,133.601,133.601
475,0 days 01:01:45.161000,BOT,77,0 days 00:01:41.669000,14.0,2.0,,,27.583,39.322,34.764,0 days 01:00:31.075000,0 days 01:01:10.397000,0 days 01:01:45.161000,311.0,274.0,259.0,302.0,True,SOFT,4.0,True,Mercedes,0 days 01:00:03.492000,2018-09-14 09:15:03.607,1,,False,,False,True,101.669,101.66900000000001
476,0 days 01:03:58.448000,BOT,77,0 days 00:02:13.287000,15.0,2.0,,,37.603,50.211,45.473,0 days 01:02:22.764000,0 days 01:03:12.975000,0 days 01:03:58.448000,237.0,236.0,257.0,254.0,False,SOFT,5.0,True,Mercedes,0 days 01:01:45.161000,2018-09-14 09:16:45.276,1,,False,,False,True,133.287,133.28699999999998
477,0 days 01:05:59.319000,BOT,77,0 days 00:02:00.871000,16.0,2.0,,,30.975,49.316,40.58,0 days 01:04:29.423000,0 days 01:05:18.739000,0 days 01:05:59.319000,282.0,256.0,258.0,302.0,False,SOFT,6.0,True,Mercedes,0 days 01:03:58.448000,2018-09-14 09:18:58.563,1,,False,,False,True,120.871,120.871
478,0 days 01:07:40.748000,BOT,77,0 days 00:01:41.429000,17.0,2.0,,,27.584,39.258,34.587,0 days 01:06:26.903000,0 days 01:07:06.161000,0 days 01:07:40.748000,311.0,274.0,259.0,303.0,True,SOFT,7.0,True,Mercedes,0 days 01:05:59.319000,2018-09-14 09:20:59.434,1,,False,,False,True,101.429,101.429
479,0 days 01:09:50.067000,BOT,77,0 days 00:02:09.319000,18.0,2.0,,0 days 01:09:42.306000,33.122,47.89,48.307,0 days 01:08:13.870000,0 days 01:09:01.760000,0 days 01:09:50.067000,257.0,279.0,,273.0,False,SOFT,8.0,True,Mercedes,0 days 01:07:40.748000,2018-09-14 09:22:40.863,1,,False,,False,False,129.319,129.31900000000002
480,0 days 01:20:56.309000,BOT,77,,19.0,3.0,0 days 01:18:31.910000,,,47.24,49.639,,0 days 01:20:06.699000,0 days 01:20:56.408000,259.0,256.0,247.0,273.0,False,SOFT,9.0,False,Mercedes,0 days 01:09:50.067000,2018-09-14 09:24:50.182,12,,False,,False,False,,
481,0 days 01:22:42.793000,BOT,77,0 days 00:01:46.484000,20.0,3.0,,,28.92,40.7,36.864,0 days 01:21:25.229000,0 days 01:22:05.929000,0 days 01:22:42.793000,285.0,266.0,246.0,287.0,False,SOFT,10.0,False,Mercedes,0 days 01:20:56.309000,2018-09-14 09:35:56.424,1,,False,,False,True,106.484,106.48400000000001
482,0 days 01:24:31.275000,BOT,77,0 days 00:01:48.482000,21.0,3.0,,,29.613,42.12,36.749,0 days 01:23:12.406000,0 days 01:23:54.526000,0 days 01:24:31.275000,283.0,266.0,248.0,285.0,False,SOFT,11.0,False,Mercedes,0 days 01:22:42.793000,2018-09-14 09:37:42.908,1,,False,,False,True,108.482,108.482
483,0 days 01:26:18.904000,BOT,77,0 days 00:01:47.629000,22.0,3.0,,,29.287,41.663,36.679,0 days 01:25:00.562000,0 days 01:25:42.225000,0 days 01:26:18.904000,282.0,260.0,247.0,282.0,False,SOFT,12.0,False,Mercedes,0 days 01:24:31.275000,2018-09-14 09:39:31.390,1,,False,,False,True,107.629,107.62899999999999
484,0 days 01:28:07.731000,BOT,77,0 days 00:01:48.827000,23.0,3.0,,,29.319,42.828,36.68,0 days 01:26:48.223000,0 days 01:27:31.051000,0 days 01:28:07.731000,283.0,263.0,249.0,278.0,False,SOFT,13.0,False,Mercedes,0 days 01:26:18.904000,2018-09-14 09:41:19.019,1,,False,,False,True,108.827,108.827
485,0 days 01:29:54.377000,BOT,77,0 days 00:01:46.646000,24.0,3.0,,,29.215,41.141,36.29,0 days 01:28:36.946000,0 days 01:29:18.087000,0 days 01:29:54.377000,283.0,265.0,250.0,282.0,False,SOFT,14.0,False,Mercedes,0 days 01:28:07.731000,2018-09-14 09:43:07.846,1,,False,,False,True,106.646,106.64599999999999
486,0 days 01:31:41.265000,BOT,77,0 days 00:01:46.888000,25.0,3.0,,,29.196,41.411,36.281,0 days 01:30:23.573000,0 days 01:31:04.984000,0 days 01:31:41.265000,284.0,265.0,250.0,283.0,False,SOFT,15.0,False,Mercedes,0 days 01:29:54.377000,2018-09-14 09:44:54.492,1,,False,,False,True,106.888,106.888
487,0 days 01:33:28.037000,BOT,77,0 days 00:01:46.772000,26.0,3.0,,,29.228,41.376,36.168,0 days 01:32:10.493000,0 days 01:32:51.869000,0 days 01:33:28.037000,285.0,264.0,251.0,287.0,False,SOFT,16.0,False,Mercedes,0 days 01:31:41.265000,2018-09-14 09:46:41.380,1,,False,,False,True,106.772,106.77199999999999
488,0 days 01:35:14.531000,BOT,77,0 days 00:01:46.494000,27.0,3.0,,,29.184,41.148,36.162,0 days 01:33:57.221000,0 days 01:34:38.369000,0 days 01:35:14.531000,284.0,264.0,250.0,284.0,False,SOFT,17.0,False,Mercedes,0 days 01:33:28.037000,2018-09-14 09:48:28.152,1,,False,,False,True,106.494,106.494
489,0 days 01:37:23.092000,BOT,77,0 days 00:02:08.561000,28.0,3.0,,0 days 01:37:15.327000,29.105,42.245,57.211,0 days 01:35:43.636000,0 days 01:36:25.881000,0 days 01:37:23.092000,289.0,193.0,,284.0,False,SOFT,18.0,False,Mercedes,0 days 01:35:14.531000,2018-09-14 09:50:14.646,1,,False,,False,False,128.561,128.56099999999998
